7.859534789066838223e-02 1.153598807967540357e-01 1.596678349436542188e-02
7.860011626225041348e-02 1.115045182622310255e-01 1.679349991740008985e-02
7.825375925939606625e-02 1.053570889151927564e-01 7.516156167400089849e-03
7.826020959954785305e-02 1.015536271251079176e-01 8.368741006267277349e-03
7.787490468662308651e-02 4.578168021806446053e-02 5.707155198466984380e-03
7.775215823393391568e-02 4.142651783593860604e-02 2.678881616008488287e-03
7.775298711102532345e-02 3.762155102857318856e-02 3.236423463237492193e-03
7.817661594789551693e-02 3.553063499101367928e-02 1.610590073527118360e-02
7.777871582847165066e-02 -1.970211339823040031e-02 1.100755783976337110e-02
7.769225742857979733e-02 -2.372012583247455619e-02 8.867512673747746099e-03
7.746133972149418789e-02 -2.798417133919033073e-02 2.469013661754337896e-03
7.781231422167347866e-02 -3.118829352489742301e-02 1.317216011942645704e-02
7.738372329812573391e-02 -8.911592809191974662e-02 5.201886624705998052e-03
7.737371158044861752e-02 -9.294140262237819694e-02 5.145083398235050787e-03
7.468704525571392971e-02 1.192155860579845045e-01 1.517231318415424024e-02
7.447704877894448239e-02 1.136884622491237257e-01 8.923541039836613287e-03
7.437623869817780453e-02 1.090664051688548658e-01 6.288777322185246099e-03
7.416648995321320492e-02 1.036512486852046583e-01 1.270625056049023982e-05
7.414433006387280423e-02 9.968645202287403084e-02 -2.949383794048632268e-05
7.414845954816864926e-02 9.591651784547534920e-02 7.971033758046308648e-04
7.405176963847207028e-02 4.961346911557880379e-02 5.231271714580265630e-03
7.377315703969525296e-02 4.435419367917743660e-02 -3.570605784046443354e-03
7.375581581335591275e-02 4.049333261617389657e-02 -3.581275015461238276e-03
7.375543397110032040e-02 3.671810852655139901e-02 -3.028084307300837885e-03
7.374467160742806393e-02 3.289175855287281014e-02 -2.833355932819636713e-03
7.388223912756966549e-02 2.974090801843372323e-02 2.366493672740666021e-03
7.395465690832661587e-02 -1.583669257990154289e-02 1.083923432291766797e-02
7.368911262791680294e-02 -2.033463788858684562e-02 2.240191430461613287e-03
7.367924433391617733e-02 -2.415904698601993583e-02 2.338598698985783209e-03
7.357808221321629483e-02 -2.817911950579914115e-02 -6.855025583384355414e-04
7.336131688397454220e-02 -3.239926246634754203e-02 -7.666398554432185541e-03
7.359904069643544156e-02 -3.572081697813304924e-02 8.537277883412519586e-04
7.353678737025784451e-02 -8.526607572740944885e-02 3.245781392467228521e-03
7.349051553946064907e-02 -8.906660990498098396e-02 1.944194764507023443e-03
7.347807679515408474e-02 -9.287483727268013023e-02 1.795183152568546880e-03
7.344169374745415646e-02 -9.666354505053791069e-02 8.142695134999433648e-04
7.378951478939579922e-02 -1.007960282050732043e-01 1.303298327387591993e-02
7.105441410284565884e-02 1.257097803271647884e-01 2.508396956385394727e-02
7.069984283488320309e-02 1.184207879222270582e-01 1.189542862833758985e-02
7.056908700805233914e-02 1.133511744655009840e-01 7.511626214397160162e-03
7.034069318514393765e-02 1.074335955298778150e-01 -7.480874353525956977e-04
7.022625785511063534e-02 1.026202373422023389e-01 -4.523028402912410151e-03
7.017545607131051022e-02 9.840559291013446785e-02 -5.793203383075984370e-03
6.999465283196495968e-02 9.308970796235767342e-02 -1.222686913548687304e-02
7.032776270251797635e-02 9.216005431779590584e-02 1.707981557262150396e-03
7.058551740091370541e-02 5.576340185769763924e-02 1.893783661783954297e-02
7.009018790166901547e-02 4.874632584222522713e-02 -2.384677225230058539e-04
6.999369729500340420e-02 4.437000381120410897e-02 -3.469814329731257807e-03
6.996936369877385098e-02 4.045819567807880379e-02 -3.820826082813533198e-03
6.986184250753449398e-02 3.607151734002796151e-02 -7.519949942219050776e-03
6.972386706810521084e-02 3.155209945806232430e-02 -1.245664504109600390e-02
6.986947562735604245e-02 2.861540841230121590e-02 -6.009389429676326166e-03
7.006084937792347866e-02 2.585973667272296883e-02 2.279888123882023443e-03
6.990643982034253079e-02 -1.651158107153209709e-02 2.056013078105656255e-03
6.981639396589325863e-02 -2.057276216975482963e-02 -1.099635630237849604e-03
6.981099415760563809e-02 -2.436969352594646476e-02 -8.330836588023027289e-04
6.962777506750153500e-02 -2.862284255853923820e-02 -7.794846563923152338e-03
6.957313809733914334e-02 -3.250430820218357109e-02 -9.549666910755427729e-03
6.960451435487793881e-02 -3.618049172393116020e-02 -7.818867235767634760e-03
6.991246734004544217e-02 -3.932206256023677848e-02 5.154441327464787115e-03
6.972903404574917752e-02 -8.143768336332472824e-02 2.104650468242375005e-03
6.949971076291130978e-02 -8.517828646755847000e-02 -6.927181749927791010e-03
6.948098559122609097e-02 -8.894155190966161750e-02 -7.355262308704646479e-03
6.965836715143250424e-02 -9.283936412713560127e-02 2.377137845875898492e-04
6.964863669317292172e-02 -9.664043521217140220e-02 1.633867925526777398e-04
6.973324176114129025e-02 -1.005441520147684481e-01 3.946195573222843755e-03
6.994713861685322720e-02 -1.046504519664410021e-01 1.302356574000140821e-02
6.710322965126561123e-02 1.257294051564570858e-01 2.516997906626483594e-02
6.675157156031655270e-02 1.177118800795909498e-01 8.965025872600285162e-03
6.658755634170102078e-02 1.120086096442576978e-01 1.840184659373966802e-03
6.648350153308438260e-02 1.070524089253779981e-01 -2.389778166401179682e-03
6.638125349026249844e-02 1.021603875077602003e-01 -6.548155813801082026e-03
6.622989867072628933e-02 9.678056167730060555e-02 -1.311819699345806445e-02
6.619877200763749081e-02 9.273927735456195809e-02 -1.384066489278057421e-02
6.638214569728898007e-02 9.093049990304676033e-02 -4.091311960804255854e-03
6.669665146809147793e-02 5.577882455953327157e-02 1.902342888773700391e-02
6.631681900661515194e-02 4.894512223371234871e-02 1.005242795360294927e-03
6.622777711790131527e-02 4.449267017015186287e-02 -2.683629065143855463e-03
6.597806159596966702e-02 3.889440821775165535e-02 -1.433425095616558398e-02
6.591094862859772641e-02 3.471102642186847664e-02 -1.697461751042583789e-02
6.588324923258351284e-02 3.082733677991596200e-02 -1.767515090047100390e-02
6.586277503710316616e-02 2.700126992830005623e-02 -1.802693751393535937e-02
6.598373893838452298e-02 2.409177350171771981e-02 -1.136886027394512499e-02
6.605139952343033749e-02 -1.298841012350353263e-02 -1.795996695148738276e-03
6.597209181826638180e-02 -1.706663442484172843e-02 -5.186070471393855463e-03
6.592002343576477963e-02 -2.101229054561885856e-02 -7.225264578449519526e-03
6.590314414542244870e-02 -2.481753302446636222e-02 -7.512499361622126948e-03
6.584864314835595089e-02 -2.873747346631320976e-02 -9.695281057941707026e-03
6.584241632562207180e-02 -3.249409345618518852e-02 -9.467174082386287104e-03
6.587550621669815976e-02 -3.614561183086666130e-02 -7.272590666401179682e-03
6.607749331932591397e-02 -3.940170554152759574e-02 3.404210538280216802e-03
6.623299997489975888e-02 -7.759567692584427856e-02 1.614816042841693555e-02
6.589684095423745114e-02 -8.142194308049115203e-02 -4.089966112253984321e-04
6.575348433297203976e-02 -8.516784028790029548e-02 -7.234503298389705073e-03
6.567375194471405941e-02 -8.888945372483762764e-02 -1.085363772450664843e-02
6.568296272497700650e-02 -9.265453384897741340e-02 -9.978879957783015620e-03
6.585589815121220547e-02 -9.661030506423744224e-02 -8.123412424204667914e-04
6.594355981987046200e-02 -1.005374725692633059e-01 4.029999703777042974e-03
6.605756860416459042e-02 -1.045526947610739138e-01 1.020539853037616407e-02
6.290741283636616665e-02 1.181600474036571119e-01 1.081765744150897657e-02
6.279476937096642453e-02 1.126770012296077345e-01 4.662106961620060552e-03
6.269172597866581875e-02 1.073965512431499097e-01 -9.083643251536210883e-04
6.256601792018937069e-02 1.018468968785640333e-01 -7.936467199909480463e-03
6.244023908119724492e-02 9.636599647172656991e-02 -1.499365714131573046e-02
6.240344252627418736e-02 9.218082653650012948e-02 -1.642261889516094531e-02
6.244340930324123601e-02 8.904782759317127205e-02 -1.298116591511944140e-02
6.284212153595017392e-02 5.615957903035846688e-02 2.133531424464008008e-02
6.255539898019360501e-02 4.938203918107715584e-02 3.741215199840275396e-03
6.244375575523899297e-02 4.450597690709796883e-02 -2.618004351246150385e-03
6.227387134175823430e-02 3.913296090730396248e-02 -1.275490668355205859e-02
6.219709310870693425e-02 3.472376691468921639e-02 -1.691018488942364062e-02
6.216073055010364751e-02 3.072016762860980965e-02 -1.847015765248516406e-02
6.214464847188518742e-02 2.691040264733997323e-02 -1.872997429906109179e-02
6.214027684371994237e-02 2.320421563752857186e-02 -1.824020293294170703e-02
6.228051912229583958e-02 -1.297766638628276847e-02 -1.730371981251033198e-03
6.218800340037868718e-02 -1.720744294754299186e-02 -7.078219919788630854e-03
6.216887589734123448e-02 -2.103673962584766410e-02 -7.639457254993708979e-03
6.208224054616020421e-02 -2.515906763902935050e-02 -1.263331320821026171e-02
6.205054391365574101e-02 -2.900573907128604911e-02 -1.404135373173931445e-02
6.206911634843872289e-02 -3.264523220888408683e-02 -1.216094639836529101e-02
6.212749164741562108e-02 -3.616079983941349052e-02 -7.671047716724666010e-03
6.228706259470508794e-02 -3.939207566610607170e-02 3.470252484691349615e-03
6.238615531664417485e-02 -7.758757022849353813e-02 1.621527525843402540e-02
6.203082595210598210e-02 -8.139432750350865386e-02 -6.758917837726863276e-03
6.196226012151764134e-02 -8.513231312564643882e-02 -1.075081971226909960e-02
6.192570012252853612e-02 -8.885900227061542533e-02 -1.263194230138042773e-02
6.194452773969696263e-02 -9.263127779296669029e-02 -1.084451821385601367e-02
6.208847109418438176e-02 -9.660317858389648460e-02 -7.465973192332109321e-04
6.215332839828060368e-02 -1.005304671608570483e-01 4.096041650188175787e-03
6.220734697025345067e-02 -1.044812008523109820e-01 8.215139836681095709e-03
5.907009747069404820e-02 1.191354923165675733e-01 1.484490487040301954e-02
5.898573082130478124e-02 1.135657660878535841e-01 8.406709164989201177e-03
5.889179017584846715e-02 1.078590534842845533e-01 1.074801415813175787e-03
5.883778464239166478e-02 1.030448608315822218e-01 -2.665866881000789057e-03
5.874205585759208897e-02 9.742943274148670174e-02 -1.021324542103985156e-02
5.870789308291004399e-02 9.310147987970081307e-02 -1.219289448796490039e-02
5.891265738945530156e-02 9.340652155050006844e-02 7.565628022563664068e-03
5.902010407488868932e-02 9.169676231511798836e-02 1.849920603693744336e-02
5.877872202735470036e-02 4.996962176927295662e-02 7.417570084941593755e-03
5.860028807263897160e-02 4.367854522832599617e-02 -8.030225306141169916e-03
5.857187528353260259e-02 3.960353957780567147e-02 -9.626914530384333979e-03
5.853252876740024785e-02 3.540019022592273690e-02 -1.225035336552837695e-02
5.850060489218757848e-02 3.132008837827411629e-02 -1.419936564503887499e-02
5.849526282589958409e-02 2.759356128343311287e-02 -1.368897107182720507e-02
5.869513582628296117e-02 2.634451614984241463e-02 5.925010175121037115e-03
5.883711967807338933e-02 -1.043108774057659172e-02 2.922762486399432813e-02
5.844259839695022801e-02 -1.719751132360729240e-02 -7.030536203968318354e-03
5.840680021982715825e-02 -2.116456551185878776e-02 -9.488274126636775385e-03
5.836438220184372166e-02 -2.514945266476902030e-02 -1.258598712025860156e-02
5.831006746929214696e-02 -2.917488587728771232e-02 -1.682548668919781054e-02
5.834079925160930852e-02 -3.268873987427982353e-02 -1.301984932957866992e-02
5.835482496958301762e-02 -3.632176218262943290e-02 -1.079921868382671679e-02
5.854219030778930882e-02 -3.916916174522670768e-02 7.888625592601505865e-03
5.827942881923244695e-02 -8.138300122401746772e-02 -7.843185930835994135e-03
5.825145188909099797e-02 -8.513220043561491035e-02 -9.733547239887507807e-03
5.822354946475551823e-02 -8.886343722871574424e-02 -1.162820008336284960e-02
5.823369156759308080e-02 -9.263988507620128654e-02 -9.866465597736628901e-03
5.825742352943943242e-02 -9.646185224584373497e-02 -6.797541647541316401e-03
5.836379546862171391e-02 -1.005260359280470278e-01 4.252980679881779302e-03
5.857957173328922490e-02 -1.050275780045154955e-01 2.589620205820819532e-02
5.516431359764264325e-02 1.153176956094142530e-01 1.579124781550189649e-02
5.511273462515400151e-02 1.097756408370372389e-01 9.327422112834660162e-03
5.508162239756510953e-02 1.050339721358653639e-01 6.085585088145939459e-03
5.502156792398617963e-02 9.930198716291156746e-02 -1.793672114002498041e-03
5.506472448077128629e-02 9.722160624631610848e-02 6.780813664806095709e-03
5.511715794172213773e-02 9.538408445485797860e-02 1.686866137446185743e-02
5.512408884432242612e-02 9.194868134626117684e-02 1.968825909556171094e-02
5.491689751114772061e-02 4.559814261563983895e-02 4.414688081157414068e-03
5.483398605328129033e-02 3.991257475980487801e-02 -7.593442469227107416e-03
5.481816567670629720e-02 3.593217658170429207e-02 -8.602370291340144526e-03
5.482119806300924519e-02 3.239771055349079110e-02 -6.510187655079158198e-03
5.487067271214054326e-02 2.988093423017230965e-02 3.265689343822208990e-03
5.488728285025881032e-02 2.657156514295307137e-02 7.624875039470402349e-03
5.491028092991636494e-02 -1.439379824034008049e-02 2.913958880366107618e-02
5.468953559365199307e-02 -2.095644099346431755e-02 -6.717909842121394526e-03
5.466099428203032712e-02 -2.496993092528614067e-02 -1.004408743916729296e-02
5.463879108619020680e-02 -2.888293115130695365e-02 -1.231091168462017382e-02
5.463129813041613797e-02 -3.262688887945446037e-02 -1.208357956944683398e-02
5.472551491301582555e-02 -3.543901366821559928e-02 5.527447194469181646e-03
5.462590996366070012e-02 -8.141860894567402862e-02 6.365965337169376959e-03
5.453640008535311917e-02 -8.513892318761977218e-02 -7.833410769092830073e-03
5.452509103532956342e-02 -8.889606984040769599e-02 -8.370329409229548823e-03
5.453050993572996358e-02 -9.269871765456232093e-02 -5.975653200733455073e-03
5.457685068439768056e-02 -9.668235031596454643e-02 3.627012700450626959e-03
5.461990013908670644e-02 -1.007421996229055788e-01 1.267666670740863477e-02
5.124512985538767079e-02 1.074149988807078931e-01 1.655615422190448438e-02
5.123776751760469178e-02 1.035701863683101270e-01 1.741827580393573438e-02
5.124609144594596127e-02 1.019696526444789503e-01 2.863902899683734571e-02
5.110833300467656354e-02 4.058138357766834237e-02 2.359802576960345899e-02
5.107681588459835748e-02 3.423331009515491463e-02 6.608139008891789068e-03
5.106392661299632291e-02 2.989036666520801522e-02 3.278444737804142584e-03
5.105647742938326100e-02 2.610793041356769539e-02 3.991852731120792974e-03
5.098657119277940492e-02 -1.832350266805919670e-02 2.944810244501849805e-02
5.094781210836098889e-02 -2.399737311235698722e-02 4.176269502055851568e-03
5.093974848467932443e-02 -2.781894353858264946e-02 4.426430196178166021e-03
5.093244202625082234e-02 -3.160293323627742790e-02 5.326043099773136724e-03
5.081630121175275544e-02 -8.524121779657038711e-02 6.358157128703800787e-03
5.080527528379188279e-02 -8.903969468257459663e-02 3.771255940807072271e-03
5.079684658166096906e-02 -9.285738335630926155e-02 3.714512318980900396e-03
5.079750735502765874e-02 -9.687492174736293815e-02 1.278335902155658399e-02
4.724412989061401585e-02 3.041724192270008065e-02 7.126878232372013677e-03
4.724737927507684926e-02 2.612475382455554940e-02 4.052172631633488287e-03
4.719024263512418965e-02 2.409423219331470467e-02 1.880932900370380079e-02
4.714011280056164960e-02 -2.776849565736087821e-02 5.088697404277531255e-03
4.332295172106550435e-02 2.798307763704029061e-02 1.829172226847430860e-02
4.324533250372932652e-02 -2.703340647450717948e-02 1.658601614893695508e-02
4.330250872489140729e-02 -3.138550294271739982e-02 8.743713826549259771e-03
4.311291286911891202e-02 -8.143355131789180301e-02 1.948190781534930860e-02
3.925580736439750890e-02 -2.238276151648792289e-02 2.754903885782977735e-02
3.942778539102600316e-02 -2.720547763339313529e-02 1.370025727213641797e-02
3.948573228161857823e-02 -3.137795922986301445e-02 8.703003854167667974e-03
3.957268987041042546e-02 -7.757260946265491508e-02 -4.715074568378718745e-03
3.956471216123626927e-02 -8.135162822610768341e-02 -4.717637568104060541e-03
3.924229201119468907e-02 -8.531750103167327903e-02 1.941962096155902540e-02
3.553724121492431859e-02 -2.701879216066631340e-02 1.648576113642474805e-02
3.556770477633999089e-02 -3.103342203131946586e-02 1.442069861353656446e-02
3.544672038596199254e-02 -8.140602421655389331e-02 1.607460829676410352e-02
1.572302002649830083e-02 1.137340300000545118e-01 2.566565129221698438e-02
1.569708828073070744e-02 1.098471664107677076e-01 2.655596587122699415e-02
1.575565729480312566e-02 -6.959784792444738410e-02 2.738995406092425977e-02
1.574725676518009404e-02 -7.353060057095321678e-02 2.742434594095966016e-02
1.247375849824474553e-02 1.141652994073268507e-01 1.006431433619281446e-02
1.252194885354564885e-02 1.099692963279124830e-01 9.300421208751408209e-03
1.311629656892345647e-02 1.030886702454921339e-01 -3.355373411762507807e-03
1.327399555783794621e-02 9.844476806291309334e-02 -6.524611979114802729e-03
1.283577103357837895e-02 9.665245639451709725e-02 3.269682855022160162e-03
1.288405824642704228e-02 4.581808375486103035e-02 4.769514531505314459e-03
1.325665060620830754e-02 4.072343634732929207e-02 -3.234674006092341791e-03
1.328004542928264836e-02 3.680960165628162362e-02 -3.621210127460749995e-03
1.321777720194385747e-02 3.316352593072620369e-02 -2.145220308887751948e-03
1.221865434389637212e-02 3.226459848054614998e-02 1.979530903757831251e-02
1.190146450143383244e-02 2.922207938798633553e-02 2.682794186533710157e-02
1.177429799180553655e-02 2.559530066617694832e-02 2.969933602274676954e-02
1.223277691941784123e-02 -1.888177467218669914e-02 2.005905959070941602e-02
1.327307168584392766e-02 -2.434702885977062248e-02 -2.712000876056941401e-03
1.326030511599109868e-02 -2.813820091716083549e-02 -2.463807135212214838e-03
1.316072438102291325e-02 -3.181917888752254508e-02 -3.266229921458085883e-04
1.180460322838352422e-02 -3.404181746474536918e-02 2.927429530085345899e-02
1.179255563955829839e-02 -3.798458648554119133e-02 2.947641465128680860e-02
1.244027931433246831e-02 -4.256696549884113334e-02 1.524562689722797071e-02
1.291311923604534367e-02 -4.686213580600055717e-02 4.830668897044865240e-03
1.308068279367016057e-02 -5.082518530718120597e-02 1.080344647777287115e-03
1.253879461627529363e-02 -5.428491642407211326e-02 1.282585713328143751e-02
1.245940868001507024e-02 -6.586347071162494682e-02 1.420796963633319532e-02
1.251618582945392827e-02 -6.975065095058712028e-02 1.283116194666644727e-02
1.224409062605427007e-02 -7.357768451503547691e-02 1.862670037211200391e-02
1.215620357733295659e-02 -7.746610993227991127e-02 2.038867327631732618e-02
1.203569043617771367e-02 -8.137291011109086536e-02 2.285249087275287305e-02
1.211284119825885991e-02 -8.526957144669326805e-02 2.099181267679950391e-02
1.298560593467281560e-02 -8.893325010023149513e-02 1.762937039745060552e-03
1.297942195277736882e-02 -9.274364093027147316e-02 1.706491441142765630e-03
1.246827114563511113e-02 -9.679401403001579307e-02 1.265282484949847852e-02
8.130908200555307663e-03 1.203387759841319654e-01 1.881815049113055860e-02
8.748360166364176072e-03 1.134627245581981275e-01 6.964753598582951177e-03
9.339880386405451096e-03 1.068245850718852613e-01 -4.394997625934871088e-03
9.622775206380350388e-03 1.016819261229869459e-01 -9.686042338001521479e-03
9.703990260177118576e-03 9.747801052697864510e-02 -1.101153042851665820e-02
9.676233122163278855e-03 9.375795053609577157e-02 -1.019607928334453906e-02
8.990090528541071213e-03 9.279211687215534188e-02 3.606091470134464849e-03
9.274024704509241379e-03 4.904194997914997078e-02 3.256306356312910211e-04
9.577442148738367356e-03 4.425708281167713143e-02 -5.522419481861384760e-03
9.695772269778711594e-03 4.007805215486255623e-02 -7.716406851398738276e-03
9.691026249938471115e-03 3.627485858567920662e-02 -7.482756643879207026e-03
1.000325773101375798e-02 3.159608768590656258e-02 -1.353656199513653124e-02
9.983577022366983689e-03 2.786409186490741707e-02 -1.302563098012188281e-02
9.810082802587015427e-03 2.452603804239002205e-02 -9.475697546589167963e-03
9.372182378583414353e-03 2.181259619363513924e-02 -6.941452318308671821e-04
8.391779104285700119e-03 2.031234728463855721e-02 1.883257481516620313e-02
8.377384582572443283e-03 -1.498243881098064445e-02 1.958079192103168165e-02
9.704727867656214035e-03 -2.081473467580112480e-02 -6.736744909870417963e-03
9.731125274711115158e-03 -2.464104739657672904e-02 -7.265378504383357416e-03
9.834587762170297898e-03 -2.855747116438182853e-02 -9.331335096943171870e-03
9.833626637273294724e-03 -3.233166334859165214e-02 -9.335924654590876948e-03
9.416610190682871140e-03 -3.566070569387706779e-02 -1.099993258106501948e-03
8.666705528312189377e-03 -3.874275384179386161e-02 1.372624489725848829e-02
9.130008706861002243e-03 -4.303001908293994926e-02 4.488001794231144537e-03
9.569764325433237351e-03 -4.721017850271495842e-02 -4.291643171894343745e-03
1.001019049625919560e-02 -5.130662692419322990e-02 -1.309238818227032031e-02
1.000010986071155766e-02 -5.504982655576499961e-02 -1.297133114873150195e-02
1.003541816216037968e-02 -5.881615837744506858e-02 -1.375912573872783984e-02
1.022807154994533757e-02 -6.263872159353527092e-02 -1.767389920293072070e-02
1.023782063465641240e-02 -6.636578326753410362e-02 -1.797281649647930468e-02
9.373936990313989914e-03 -6.989515775523218177e-02 -9.736314111826738227e-04
8.682083526664240158e-03 -7.360678648284706138e-02 1.260341259897967969e-02
8.670401016288263596e-03 -7.747017515531810783e-02 1.269615742625018751e-02
8.666951397471887863e-03 -8.133359549275669120e-02 1.261634680689593946e-02
9.707637319379312790e-03 -8.503751193813118003e-02 -8.143772154438289057e-03
9.778559396081430710e-03 -8.878307433507474922e-02 -9.710420637714656245e-03
9.782981315665705002e-03 -9.253626612654956840e-02 -9.969998865711482416e-03
9.639922717624170578e-03 -9.635069889656337760e-02 -7.320930033314021479e-03
9.229026922994119919e-03 -1.003308679693106081e-01 6.151303953053632867e-04
4.761029223018152512e-03 1.179433696187373731e-01 8.768688172710148443e-03
5.073003659062845505e-03 1.126686416781779859e-01 3.470729321849552740e-03
5.820904115252954758e-03 1.056279324210521314e-01 -9.695102244007380854e-03
5.913976768069727219e-03 1.013985060370799635e-01 -1.107506897984722460e-02
6.084848383479578293e-03 9.687510954507556893e-02 -1.386748698292949999e-02
6.283432433419687546e-03 9.227430152066913582e-02 -1.716994193135479296e-02
6.053328702264292038e-03 8.935160266526905037e-02 -1.274739649831035937e-02
5.112894067578775681e-03 8.904945181974140145e-02 4.492114514720646490e-03
5.145918766074640549e-03 5.387438165315357186e-02 5.930970639598576177e-03
5.724925736003382004e-03 4.832223879464832283e-02 -4.366864233600886713e-03
5.937520602756006516e-03 4.389364349015918709e-02 -8.044530420887263666e-03
5.940094778352243698e-03 4.007075058587757088e-02 -7.929314642536433588e-03
6.277270803266031540e-03 3.537466453679767586e-02 -1.388316300450542773e-02
6.461687574201090134e-03 3.112465964921680428e-02 -1.708095219670513476e-02
6.440993586593134201e-03 2.740890609391895272e-02 -1.657234576283672656e-02
6.532348880582315720e-03 2.342704760202136971e-02 -1.810287383137920703e-02
6.047252753787500656e-03 2.077046858438220955e-02 -9.195317297565730463e-03
5.701013097577554978e-03 1.772835182317462899e-02 -2.811123400318416010e-03
4.498634675555689133e-03 1.642257796891895272e-02 1.908601376475116407e-02
5.909253099971277512e-03 -1.694900465837749504e-02 -6.016065149891169916e-03
6.106410363727075852e-03 -2.100451213947567008e-02 -9.574760466205867182e-03
6.092328766398889817e-03 -2.476394472352298759e-02 -9.310831099140437495e-03
6.216544846110803879e-03 -2.868310285440715812e-02 -1.156495955525616015e-02
6.280638465695841111e-03 -3.251556602946552299e-02 -1.273750212727764453e-02
6.091311762147409714e-03 -3.608821628323825859e-02 -9.322513609516414057e-03
5.636654982381326950e-03 -3.945580420724185966e-02 -1.104344397175105463e-03
5.350653270297510422e-03 -4.303564799658092521e-02 4.044960469615666021e-03
6.180562267117960251e-03 -4.746461955539020561e-02 -1.105426695882061328e-02
6.346382388883096970e-03 -5.132963059178623222e-02 -1.411734965382793749e-02
6.504085103087885178e-03 -5.516027582517894767e-02 -1.704220917760113085e-02
6.494332293086511887e-03 -5.888522153428825401e-02 -1.693927195607403124e-02
6.547156909518701828e-03 -6.263384146324428581e-02 -1.798008826314190234e-02
6.478410402350885666e-03 -6.633675394288333915e-02 -1.682608273564556445e-02
6.442036667876703537e-03 -7.005656620196136497e-02 -1.626836207448223437e-02
5.093250611834986008e-03 -7.362621014646324180e-02 8.064757317912785162e-03
5.085565337949259079e-03 -7.746880098885926269e-02 8.080254525554386724e-03
5.983483234458429612e-03 -8.126305106735857986e-02 -8.320678740131648432e-03
6.207023004107935227e-03 -8.499567553109559082e-02 -1.250969317494610156e-02
6.111856738143427170e-03 -8.876001571944984458e-02 -1.093458083211162890e-02
6.106209198050958908e-03 -9.251140447042020820e-02 -1.099019196568706835e-02
6.007731149011118210e-03 -9.629892667464050315e-02 -9.374608069050105463e-03
5.547438005023462571e-03 -1.002756126009586718e-01 -1.220394640552791010e-03
4.999946991019708908e-03 -1.043787143909099963e-01 8.498440713298527349e-03
1.068175027184946335e-03 1.172225855506297681e-01 5.638431043040958990e-03
1.231983492188913620e-03 1.126523398078319166e-01 3.252218694102970709e-03
1.507010499053461350e-03 1.076815508521434400e-01 -9.900822931406816352e-04
2.124320903830988205e-03 1.014660530007716749e-01 -1.092665341435650195e-02
2.332318762355310715e-03 9.686084913381305672e-02 -1.408128884373882617e-02
2.548523435407144822e-03 9.226063715585437752e-02 -1.738296893178203906e-02
2.299409547858698166e-03 8.933843003877368905e-02 -1.296149638234356249e-02
1.893226245456201828e-03 8.691921161779132821e-02 -5.934227972614558588e-03
1.321159491353494919e-03 5.386639463075366951e-02 5.711863965404240240e-03
1.819342562966806687e-03 4.866161274083820321e-02 -2.400924234974177729e-03
2.181612143331033982e-03 4.388684856065479256e-02 -8.259822397815974604e-03
2.261161992364389695e-03 3.987503873475757576e-02 -9.413947134601863276e-03
2.671942302995188034e-03 3.507910000451770760e-02 -1.610373404561260546e-02
2.746582219415170945e-03 3.113316821225849129e-02 -1.719575074254253710e-02
2.724781820588571823e-03 2.741747426160541512e-02 -1.668714430867412890e-02
2.666801402383310593e-03 2.377814876207080819e-02 -1.558326628743389453e-02
2.346679756455881394e-03 2.067900525697437264e-02 -1.011108305989483203e-02
1.929640958123667038e-03 1.772514807351795174e-02 -3.027667074787410151e-03
6.709100697569678196e-04 1.633220242627826668e-02 1.810605379999896680e-02
3.000740151928166233e-05 -1.022044492594036125e-02 2.935547682703754102e-02
2.161704191976053513e-03 -1.694766355387004875e-02 -6.231535940754207026e-03
2.218377033286554612e-03 -2.081054744950565361e-02 -7.149745493519099604e-03
2.311352828555567063e-03 -2.470436243048938774e-02 -8.683849840748103510e-03
2.451799998097879685e-03 -2.863231224647792839e-02 -1.102076914845684374e-02
2.438247391992075241e-03 -3.238589239946636222e-02 -1.079290059148052539e-02
2.323344538026315964e-03 -3.604908210865291618e-02 -8.880068331348689448e-03
2.074126342349512375e-03 -3.961891231766971611e-02 -4.731704264271052729e-03
1.857903042846185959e-03 -4.325129387608799003e-02 -1.144279509174617182e-03
1.923203656487924851e-03 -4.710294229618343376e-02 -2.271462946522029291e-03
2.701323667579157151e-03 -5.135846061340602897e-02 -1.531993296681621874e-02
2.693683097177011765e-03 -5.509355028799804710e-02 -1.524584439336040820e-02
2.683755198531610764e-03 -5.882750747433933280e-02 -1.514260914860943164e-02
2.615090647750360764e-03 -6.254134809306892417e-02 -1.406722214757183398e-02
2.757717112117273606e-03 -6.632106302014621757e-02 -1.653109934865215624e-02
2.291705647521478928e-03 -6.996249982795747779e-02 -8.836974173176082026e-03
1.417081991248590744e-03 -7.363159784755739234e-02 5.670498341930119146e-03
1.409474948459131516e-03 -7.746342027268442176e-02 5.685995549571720709e-03
2.345469037108881272e-03 -8.124899205460282825e-02 -1.006316092549541796e-02
2.587806621604425705e-03 -8.497408002323540710e-02 -1.423673775731304492e-02
2.439603397660715378e-03 -8.874020276299747489e-02 -1.189946082173565234e-02
2.468005010896189011e-03 -9.247791876724990867e-02 -1.251946833668926562e-02
2.313751915507776535e-03 -9.627625083259376548e-02 -1.010089066563824023e-02
1.903437266164285935e-03 -1.002108428411844637e-01 -3.421057730304988276e-03
1.595679858737451828e-03 -1.041551410936478045e-01 1.536081761729923834e-03
-2.882677873558538162e-03 1.175675921357509229e-01 6.906639069926945318e-03
-2.665128370708959304e-03 1.128442071593638990e-01 3.903220624339787115e-03
-2.562049588150518142e-03 1.085628502286311720e-01 2.649377316844669927e-03
-2.269293924755590164e-03 1.036353193438884351e-01 -1.532067328083308588e-03
-1.911520769781606399e-03 9.853013681539264657e-02 -6.726254492389949213e-03
-1.825220694727437698e-03 9.438752459653583504e-02 -7.752586870777400385e-03
-1.978132685608403885e-03 9.104137944349018075e-02 -5.103577643024714838e-03
-3.406178018040197097e-03 9.175016807683673836e-02 1.718700978220721876e-02
-2.719525059647100174e-03 5.440730678209033944e-02 8.835624188792912115e-03
-2.374928256458776199e-03 4.966189788945880867e-02 3.713916272533146490e-03
-1.979104986376302444e-03 4.484673666127887703e-02 -2.210964232075007807e-03
-1.873656919188039505e-03 4.076150881417957283e-02 -3.657747774708064448e-03
-1.410942336506383621e-03 3.589496838220325448e-02 -1.063912060796001757e-02
-1.066218873447911941e-03 3.135290073522296883e-02 -1.580737975178936328e-02
-1.346617748922841751e-03 2.816727089055744149e-02 -1.131479886113384570e-02
-1.374728789515035354e-03 2.443368064531055428e-02 -1.073341515599468554e-02
-1.741517147011296951e-03 2.135380434163776375e-02 -4.918862848865779291e-03
-2.490702828354375564e-03 1.893416868814197518e-02 6.807874173534123052e-03
-3.197032770103948318e-03 1.632849203714099862e-02 1.786572787226459180e-02
-3.883659651464956009e-03 -1.022022140852245353e-02 2.911205145777484571e-02
-2.045951595491903030e-03 -1.639208865991863273e-02 6.879672712208906304e-04
-1.600071599668996536e-03 -2.072181848517688774e-02 -6.181766062366755854e-03
-1.421704700178640091e-03 -2.470253703824314140e-02 -8.916129141437800776e-03
-1.324362864679830276e-03 -2.857625035277637504e-02 -1.040415909825542773e-02
-1.618187686390416824e-03 -3.207927120558055900e-02 -5.839873819935115229e-03
-1.609079351610677444e-03 -3.587696252099308036e-02 -5.978931456196101557e-03
-1.674976011700170242e-03 -3.961495233408245109e-02 -4.964996843921931635e-03
-1.986328324265020095e-03 -4.319257585040363334e-02 -1.568093591807206977e-04
-2.240191956944005691e-03 -4.684992057911190055e-02 3.750990361583439459e-03
-1.847784778065221512e-03 -5.089274717203411125e-02 -2.364684610950740229e-03
-1.503467371649282180e-03 -5.485424508980545066e-02 -7.744063406574519526e-03
-1.513629963583486282e-03 -5.862422397068771385e-02 -7.639814882862361323e-03
-1.523252388424413406e-03 -6.239458283118042015e-02 -7.553447752582820307e-03
-1.647013982719915115e-03 -6.613678967288764976e-02 -5.708266764271052729e-03
-2.259097805208699905e-03 -6.981063650629552864e-02 3.690670461070744146e-03
-2.514589389748113357e-03 -7.360890803567203544e-02 7.555614442241398443e-03
-2.385157903618352615e-03 -7.745406886271270774e-02 5.449841946971623052e-03
-1.883134057707326614e-03 -8.126218121207388900e-02 -2.433647184955867182e-03
-1.369118502325551712e-03 -8.499413326091202758e-02 -1.051001694737652148e-02
-1.272637208885686599e-03 -8.872949441603454612e-02 -1.213042882024029101e-02
-1.241374572700994217e-03 -9.246669819287094139e-02 -1.275025752125957812e-02
-1.425411364025609695e-03 -9.627067966095241569e-02 -1.004790213643291796e-02
-1.947425117678182327e-03 -1.002389557444218066e-01 -2.127517729389460932e-03
-2.179834803528325760e-03 -1.041421323799255755e-01 1.301239461314884771e-03
-8.188240041918294632e-03 1.225592427171107862e-01 2.737189385355731641e-02
-6.655853053516881668e-03 1.133290760434505079e-01 5.781184167278019537e-03
-6.424099018759267532e-03 1.086370878136989210e-01 2.800594300639835943e-03
-6.433147748894231521e-03 1.047623984731074903e-01 3.261040181529728521e-03
-6.356965562290685379e-03 1.006159864581462476e-01 2.491246194255558599e-03
-6.153356095737951004e-03 9.608397709497180916e-02 -1.158609682200273383e-04
-7.263563385195272171e-03 9.558638261922565438e-02 1.612205359400531446e-02
-6.186585685200231277e-03 4.965182470449176766e-02 3.459881276500431646e-03
-5.821954270786779129e-03 4.497181700834003426e-02 -1.590539484607966791e-03
-5.757279505915181839e-03 4.098851310380664803e-02 -2.330411940204890620e-03
-5.257695725149648391e-03 3.610961960920062996e-02 -9.347189932453425776e-03
-5.062434634155767166e-03 3.191345261701312996e-02 -1.198922541676739062e-02
-5.086622944063680374e-03 2.817209886678424813e-02 -1.147728112279156054e-02
-5.520220657772557937e-03 2.519660519727436043e-02 -5.069960623371394526e-03
-6.446856817192571365e-03 2.305365430482593514e-02 8.442233533275333990e-03
-6.757136246151464187e-03 1.971293317445484139e-02 1.305849406183978711e-02
-7.822751810736196243e-03 1.759191679128375985e-02 2.856517884196063672e-02
-5.954254230446355545e-03 -1.624581886163982414e-02 2.318094701183048834e-03
-5.534134617037313186e-03 -2.052213174930843376e-02 -3.701378374683650385e-03
-5.324661543554799759e-03 -2.453251851431163810e-02 -6.688405542957576166e-03
-5.392569860405461990e-03 -2.825922814837726615e-02 -5.678881674396785151e-03
-5.407094767279164993e-03 -3.203922806016239189e-02 -5.449403792011531245e-03
-5.422279050535695755e-03 -3.581951109401020072e-02 -5.219627886402400385e-03
-5.588110348171727859e-03 -3.949377609125408195e-02 -2.823044329273494135e-03
-6.494682094044225418e-03 -4.271461737982067131e-02 1.026273819865008985e-02
-6.507057508415715896e-03 -4.657041949859890007e-02 1.042396876276752149e-02
-6.127238085455434524e-03 -5.062450391880306266e-02 4.911373586070744146e-03
-6.265882214493291580e-03 -5.439937410584720634e-02 6.877373189342228521e-03
-6.148811241573827469e-03 -5.828598437539371513e-02 5.141268700969425787e-03
-6.026230564302938186e-03 -6.215702851942810081e-02 3.316174477946964849e-03
-6.035502811855809890e-03 -6.597963271371158622e-02 3.385733098399845709e-03
-6.847206314987676345e-03 -6.967161891690525077e-02 1.503128859461566602e-02
-7.385048827118413650e-03 -7.349906785122188591e-02 2.271152588785907422e-02
-6.879251262135045730e-03 -7.742616317874821685e-02 1.531596037806293165e-02
-5.652483364529149734e-03 -8.125283678702148460e-02 -2.492894201862605463e-03
-5.561470797247426712e-03 -8.503593520901235603e-02 -3.916551142322810541e-03
-5.375832131094472610e-03 -8.878853840462001823e-02 -6.714571982013972651e-03
-5.380853822416799270e-03 -9.256157761148246788e-02 -6.770361929523738276e-03
-5.831662377304570877e-03 -9.647424442402156852e-02 -4.055395418284257758e-04
-5.835532953924672805e-03 -1.002761117898586657e-01 -4.977479272959550727e-04
-6.217784991449849807e-03 -1.042477536731127169e-01 4.856358498943058599e-03
-1.218512262958957454e-02 1.186429046309825514e-01 2.802116724909564649e-02
-1.071530561704112788e-02 1.100392125762340162e-01 8.663605183971134771e-03
-1.075495015639735957e-02 1.062285833276149366e-01 9.535799950969425787e-03
-1.126049812693073054e-02 1.038040004886027906e-01 1.665432307184955274e-02
-9.911071320957677566e-03 4.559431301721302010e-02 2.246390313518253912e-03
-9.929835608191030227e-03 4.177001940377918221e-02 2.699683637035099615e-03
-9.563904067463414871e-03 3.719424533017841317e-02 -2.046157389271052729e-03
-9.508412143177526199e-03 3.325209843286243416e-02 -2.613653212177546870e-03
-9.564049353785054886e-03 2.952057944902149178e-02 -1.690317659961970698e-03
-1.144301127452327510e-02 2.898619400628772713e-02 2.384097430170795118e-02
-9.643409213013189041e-03 -2.017382455698284172e-02 8.067593282582441461e-04
-9.122293254322545730e-03 -2.447978703013690971e-02 -6.194342642414363276e-03
-9.354993512815969192e-03 -2.807173056236537956e-02 -3.011275797474177729e-03
-9.316935947126882278e-03 -3.190707338682445549e-02 -3.498782187092097651e-03
-9.528141280598180496e-03 -3.555475471249851249e-02 -6.244674020884355414e-04
-1.091812904734088679e-02 -3.844486100307735466e-02 1.818276497782489454e-02
-1.093156616944743892e-02 -4.233872068754467033e-02 1.836390349329730665e-02
-1.090703513283206721e-02 -4.625351277819904350e-02 1.802213046015521680e-02
-1.041078921217395564e-02 -5.038689745298656486e-02 1.129139515818378126e-02
-1.161341722864581844e-02 -5.376155411533149742e-02 2.752609106959125196e-02
-1.163271795768214961e-02 -6.557909322611125968e-02 2.764094922007342969e-02
-1.164167728084995052e-02 -6.951715720526012443e-02 2.769411656321307813e-02
-1.132266949672176143e-02 -8.131755765236052536e-02 2.312077137888690626e-02
-9.454782864040868484e-03 -8.504022907174262069e-02 -2.227772741901667963e-03
-9.419217517561452591e-03 -8.882871286652120613e-02 -2.820481329548152338e-03
-9.627114793247716629e-03 -9.266762731305393241e-02 -1.330867105601152289e-04
-9.771607628054158889e-03 -9.651324821344646476e-02 1.687715978038517584e-03
-1.000475119609309932e-02 -1.004078827582958605e-01 4.695723981273380865e-03
-1.343680526871158382e-02 -2.398432714573177360e-02 7.859573072316328179e-04
-1.326495762724353572e-02 -2.794760388962062858e-02 -1.355756788837703120e-03
-1.328046228546573421e-02 -3.174939302436145805e-02 -1.124967604267390620e-03
-1.521486770171596309e-02 -3.423670230141910575e-02 2.349443289698383008e-02
-1.558190565366222163e-02 -8.525851525074872039e-02 2.761651131571551954e-02
-1.396089400906039973e-02 -8.894082175276311897e-02 6.913076371562687505e-03
-1.396555062193347713e-02 -9.277962071529659294e-02 6.856392354381291021e-03
-1.444191839355899593e-02 -9.674836804798873924e-02 1.278115364969989454e-02
-1.901481281775905391e-02 -2.643660006753238700e-02 2.215589138926288282e-02
-1.907853018302394649e-02 -3.031701517931255363e-02 2.296079251230975782e-02
-1.940867285985423824e-02 -3.403125999203952812e-02 2.695245596827289258e-02
-2.293836306590511104e-02 -2.640056905976566337e-02 2.239079329432269727e-02
-2.290529738921596309e-02 -3.034947363368305229e-02 2.206135842264911329e-02
-2.321139704245998164e-02 -3.408606646291049980e-02 2.557314488352557813e-02
-2.677703629989101192e-02 -3.034908620349201225e-02 2.171118113459369336e-02
-2.720154057998134395e-02 -3.402517659298213981e-02 2.632714363993426954e-02
-3.527700882214977046e-02 -2.199516368738445304e-02 2.830136868418475782e-02
-3.529637288112117549e-02 -2.594119233719142936e-02 2.855939719141742383e-02
-3.915581088323070308e-02 -1.805452180734905265e-02 2.761704775751849805e-02
-3.693938236493541499e-02 -2.342648727527889274e-02 6.982098550212589849e-03
-3.766735624331905147e-02 -2.685158250561985038e-02 1.385731551111957227e-02
-4.008547942895366450e-02 -1.999970448843273185e-02 6.408199972035566461e-04
-4.010619949359370967e-02 -2.381648419133457206e-02 9.083852476002851617e-04
-4.075825195569469234e-02 -2.727487979165348075e-02 6.818304986369816412e-03
-4.658762346763088008e-02 4.485199677118030526e-02 2.102185341776630079e-02
-4.546589385528041621e-02 3.950817214616504647e-02 1.165325495661517774e-02
-4.576341789025737544e-02 3.595984803804126717e-02 1.442350003184100782e-02
-4.652320574778987666e-02 -1.439093721739086174e-02 2.302707287729999219e-02
-4.282281528968288203e-02 -2.065233064523967765e-02 -8.647192984211238276e-03
-4.284384082812740108e-02 -2.442615402570995353e-02 -8.382667570698054682e-03
-4.549850504655315181e-02 -2.676213828555377983e-02 1.448936316431781446e-02
-4.601484518308116695e-02 -7.340687436691555046e-02 1.912147852839252149e-02
-4.407952707070781490e-02 -7.734485732100042366e-02 2.454052895915714849e-03
-5.112286638278438350e-02 1.213202856696483228e-01 1.977289769114276563e-02
-5.024069528836681148e-02 1.156180881179210279e-01 1.296938511790057813e-02
-5.030263941544963618e-02 1.117815755523082349e-01 1.386422964991351758e-02
-5.036339144963695308e-02 1.079386703885432813e-01 1.474178883494159376e-02
-5.061715077418758174e-02 1.044434093154307935e-01 1.718987080515643751e-02
-4.925777744311763545e-02 4.724107014306751229e-02 1.036615225733539258e-02
-4.805208723802043697e-02 4.185209499963489510e-02 6.939873403432050836e-04
-4.809168707389308711e-02 3.804386483796802498e-02 1.250575513255802740e-03
-4.933034609813167354e-02 3.561615275510517098e-02 1.166416260660907422e-02
-5.067025851268245479e-02 -1.027353776327404045e-02 2.471513602198383008e-02
-4.633874427337123653e-02 -1.700611335865291618e-02 -1.090644743977764453e-02
-4.622147213477565547e-02 -2.085439039102825187e-02 -1.177870181142071093e-02
-4.635228942889644405e-02 -2.455272448889049552e-02 -1.061313298283794726e-02
-4.938073437470866939e-02 -2.673875091306003593e-02 1.445383879603168165e-02
-4.784288983602000972e-02 -7.350931985012325309e-02 1.990388364207951177e-03
-4.636900108117534419e-02 -7.735869910276564620e-02 -1.021551039754131640e-02
-4.612499456662608882e-02 -8.112017314589652084e-02 -1.227884438573101367e-02
-4.832486789483501216e-02 -8.501318486115964912e-02 5.817006558788029302e-03
-5.398778598565532466e-02 1.232332818425532911e-01 1.069958064020892774e-02
-5.292167495746089717e-02 1.172517173207637403e-01 2.732525796306339849e-03
-5.177085827846004268e-02 1.111935161269542310e-01 -5.916167765247615229e-03
-5.052750538844539424e-02 1.050540290988322828e-01 -1.530878689824322070e-02
-5.045144986171199580e-02 1.011019729293223951e-01 -1.553754952489116992e-02
-5.193588118810130855e-02 9.989424871572223641e-02 -3.495861559498103510e-03
-5.165903251428081294e-02 5.316407310136524178e-02 -1.922418146717341791e-03
-5.055378358621074458e-02 4.792025016912189461e-02 -1.040457633076885546e-02
-5.035682003755046626e-02 4.387240933545795418e-02 -1.171564009724834765e-02
-5.022012423533870479e-02 3.991162108548847176e-02 -1.255928423939922656e-02
-5.078802984017802974e-02 3.677081393369403817e-02 -7.834960489856990229e-03
-5.192062984961940547e-02 3.421466874250141121e-02 1.354168385875431646e-03
-5.016840975541545650e-02 -1.315998209348949455e-02 -1.055132296620586718e-02
-4.990725200433208247e-02 -1.710291875234874748e-02 -1.251773980199077929e-02
-4.960921387929393550e-02 -2.104689104191097282e-02 -1.478659060536602343e-02
-4.963116328973247310e-02 -2.479376567236217521e-02 -1.452403214513042773e-02
-5.315805952805949947e-02 -2.676926104060443901e-02 1.356155726374408399e-02
-5.151033382672740718e-02 -7.350542133382591270e-02 7.330283826710859429e-04
-4.981973003406001826e-02 -7.735264317772420906e-02 -1.273368743001201953e-02
-4.942554961699916621e-02 -8.110025471716257595e-02 -1.591138985692241992e-02
-5.005901288051082393e-02 -8.487864646769198440e-02 -1.093613055287578906e-02
-5.022153984565212032e-02 -8.865824823907646202e-02 -9.710659056293757807e-03
-5.778345446843578120e-02 1.269964806950923397e-01 9.265194863689152349e-03
-5.669344942826701900e-02 1.210080914414760206e-01 1.435588330638615240e-03
-5.543437581319286128e-02 1.147895537532207105e-01 -7.689405947315486323e-03
-5.471932124156429073e-02 1.096435271418925855e-01 -1.271276619969585742e-02
-5.412219445962383052e-02 1.047585688746806715e-01 -1.685570624409893359e-02
-5.381166916150523921e-02 1.004131369508143995e-01 -1.883863356648662890e-02
-5.437331627864314815e-02 9.756613599427906014e-02 -1.421855834065655078e-02
-5.542290191907359859e-02 5.696959125169483162e-02 -2.756883173572810541e-03
-5.412753652591182491e-02 5.149873422750202157e-02 -1.235633042393902148e-02
-5.401433985490276118e-02 4.756093846925464608e-02 -1.296203282414654101e-02
-5.389821510571910640e-02 4.362858163484302498e-02 -1.359908726750591601e-02
-5.314745735187007686e-02 3.897982167371479012e-02 -1.908420470296123828e-02
-5.342050622958614131e-02 3.551959323056903817e-02 -1.677231934605816210e-02
-5.570394526977016231e-02 3.419186996587482430e-02 8.704766935231367242e-04
-5.464284103173686763e-02 -8.879563935911979899e-03 -5.337764292347224604e-03
-5.373806487578822871e-02 -1.326068414083751701e-02 -1.213960793553570117e-02
-5.305279027480556270e-02 -1.744431180588039421e-02 -1.727311757146099414e-02
-5.295483004111720821e-02 -2.124832493892940544e-02 -1.792364266453960742e-02
-5.309882741231395503e-02 -2.491776195994648002e-02 -1.673184779225567187e-02
-5.337988566417171260e-02 -2.853020576468738578e-02 -1.449989226399639453e-02
-5.391116421479656001e-02 -7.356629164598020576e-02 -1.015495207844951953e-02
-5.310236643809749385e-02 -7.734880007512005828e-02 -1.638155129491070117e-02
-5.267830919284297725e-02 -8.108000473759206794e-02 -1.967166808186748828e-02
-5.276954900283290645e-02 -8.480926666117342971e-02 -1.902650740681866015e-02
-5.340751241702510616e-02 -8.859560189477237724e-02 -1.420622017918804492e-02
-5.409183334369136592e-02 -9.243353379598888420e-02 -9.041120081531794916e-03
-6.163333337563945552e-02 1.269236885226603939e-01 8.686672181499210943e-03
-6.051398049849941035e-02 1.209555052436229322e-01 9.343132680775800836e-04
-5.988949518460704585e-02 1.159447662747737501e-01 -3.220786123859675776e-03
-5.846869181651546260e-02 1.095945321238872144e-01 -1.320533898411968554e-02
-5.741877089995815059e-02 1.039768390572902296e-01 -2.049719241200664843e-02
-5.752807836789562007e-02 1.003671519673701856e-01 -1.932745125828960742e-02
-5.810963343638850948e-02 9.752119409211841561e-02 -1.471023705540874804e-02
-6.263444553870631260e-02 6.518777536519733407e-02 2.173472496927997266e-02
-5.919419955272151729e-02 5.693822430738178231e-02 -3.255833654987605463e-03
-5.838605742711498042e-02 5.211450981267658211e-02 -8.925546675312312495e-03
-5.758393537063075801e-02 4.735540675290790535e-02 -1.456349041997173632e-02
-5.761421453017665645e-02 4.360135721334186532e-02 -1.409124281941631640e-02
-5.683637391585780879e-02 3.895401286252704598e-02 -1.957290318547466601e-02
-5.711892973441554805e-02 3.549493180879322030e-02 -1.726244834004619921e-02
-5.783583205003215572e-02 3.246531712182727791e-02 -1.176201251088360156e-02
-6.303837131518794101e-02 -1.909456380522575603e-03 2.839041802347919141e-02
-5.838192235488368770e-02 -8.890128859198417888e-03 -5.834688215839656245e-03
-5.759514849442912837e-02 -1.317793799272808097e-02 -1.152079251347759570e-02
-5.671461652774287959e-02 -1.746386212936672233e-02 -1.790951636372783984e-02
-5.657178144711925288e-02 -2.128824887505802177e-02 -1.886319068013408984e-02
-5.653150360841228267e-02 -2.505007682076725029e-02 -1.906864789067486132e-02
-5.682074259776546260e-02 -2.865333033434185050e-02 -1.684992459355572070e-02
-5.840772371549083491e-02 -3.171095547906192802e-02 -5.056609182941707026e-03
-6.011753510493709346e-02 -6.957534344575437568e-02 7.829020947826115240e-03
-5.761942993659450313e-02 -7.355714512697490715e-02 -1.064824011861065234e-02
-5.678147803801967403e-02 -7.733859231404098533e-02 -1.687096503316143359e-02
-5.660697798985912105e-02 -8.107405544898542427e-02 -1.820181754170635546e-02
-5.736505221385432979e-02 -8.484808977401885055e-02 -1.265417483388164843e-02
-5.736816655654384395e-02 -8.860644994012149833e-02 -1.269160655080059374e-02
-5.780507605332805415e-02 -9.241866057447227500e-02 -9.534884958851130854e-03
-6.091827135343028804e-02 -9.668947865895065330e-02 1.337237212122699415e-02
-6.548899393338633579e-02 1.268669001973506405e-01 8.163104981792179693e-03
-6.433076392669154209e-02 1.209006987727519605e-01 4.156932538869062554e-04
-6.368449311513377231e-02 1.158916436351176832e-01 -3.736723929035457026e-03
-6.299559008140040439e-02 1.108556620992061231e-01 -8.202423124897273432e-03
-6.225473414916469356e-02 1.057818465150233839e-01 -1.304720786153057421e-02
-6.231652926463557979e-02 1.020526670134898756e-01 -1.223545220433452929e-02
-6.248043458718730708e-02 9.848096298345294930e-02 -1.070945408879497851e-02
-6.599512677449656528e-02 6.450220274099079110e-02 1.747078749598285352e-02
-6.373532097596598667e-02 5.783563183912006356e-02 1.718173951518742193e-03
-6.230619530934764644e-02 5.229430722364154793e-02 -8.155573874103816401e-03
-6.170041095275356074e-02 4.778496252664295174e-02 -1.219670918523052539e-02
-6.153527628440334102e-02 4.380243348249164559e-02 -1.311813738881328906e-02
-6.146856378573848506e-02 3.993674444326129891e-02 -1.334916499196270312e-02
-6.151251476067973872e-02 3.619044350751605965e-02 -1.280217316685894335e-02
-6.239925306100322505e-02 3.328327166207996346e-02 -6.270219355213435541e-03
-6.545821558494044345e-02 -2.894870170271721110e-03 1.733095499933978711e-02
-6.348909418839884800e-02 -8.044562467253532634e-03 3.428946465862003912e-03
-6.214508395451976558e-02 -1.269065512052806877e-02 -6.029774218189509760e-03
-6.137069295901729366e-02 -1.692773325077327751e-02 -1.143835928975323046e-02
-6.054703127402736446e-02 -2.113736716738971733e-02 -1.720886376439312304e-02
-6.020224820632411739e-02 -2.505633903375896476e-02 -1.957409527837017382e-02
-6.059289704818202754e-02 -2.861669582954677604e-02 -1.670264151631573046e-02
-6.214259546060039302e-02 -3.171490801206859611e-02 -5.570997267353328120e-03
-6.274483334083033603e-02 -6.966278997889789604e-02 -9.982481294749101508e-04
-6.135768424529506465e-02 -7.354635668627056144e-02 -1.091967967091778124e-02
-6.108643840808345576e-02 -7.731922127015027069e-02 -1.288651373921612109e-02
-6.043795477408839961e-02 -8.106576155579718612e-02 -1.755409386693218554e-02
-6.106021981496288081e-02 -8.483540283224615119e-02 -1.316319850026348437e-02
-6.133796255845500728e-02 -8.861650822392734550e-02 -1.124005463658550585e-02
-6.172277014512492915e-02 -9.242869557521375679e-02 -8.562315970051082026e-03
-6.401064973134470981e-02 -9.656068233481678031e-02 7.680903405559269537e-03
-6.961476038951350254e-02 1.272803180135127499e-01 9.489367932689396490e-03
-6.810199450511408847e-02 1.207732044375774000e-01 -4.043474489329179633e-04
-6.781134735602808994e-02 1.163930230058070753e-01 -1.980055838215144526e-03
-6.749054770726634067e-02 1.119836352980968092e-01 -3.771175413715632807e-03
-6.683444957990122837e-02 1.070621393836375806e-01 -7.861722975361140620e-03
-6.640177946347666782e-02 1.025329314387675855e-01 -1.043807414113262499e-02
-6.735380720157099765e-02 1.001460336364146803e-01 -3.561903505909236323e-03
-6.986030917424632114e-02 6.446563529142108895e-02 1.692314001978656446e-02
-6.752496193904353183e-02 5.780112074979511239e-02 1.181076497447697271e-03
-6.632079165238810581e-02 5.256994890340534188e-02 -6.812979250538142573e-03
-6.609762441176844638e-02 4.849553929933277108e-02 -8.082438974964412104e-03
-6.582359205741358799e-02 4.438226746686664559e-02 -9.710659056293757807e-03
-6.550955008525324863e-02 4.024633096822467782e-02 -1.162372973500469531e-02
-6.555487941760493320e-02 3.649068700441089608e-02 -1.107554581700542773e-02
-6.732487659711314243e-02 3.439877258905139901e-02 1.325796574962345709e-03
-6.930156033296061557e-02 -2.908489831602897868e-03 1.678384396494647657e-02
-6.726663540858698886e-02 -8.056662210142936931e-03 2.891133756053654302e-03
-6.648319940823985141e-02 -1.235521508089336418e-02 -2.385725050556453120e-03
-6.612201761264277500e-02 -1.637420726648601554e-02 -4.761089354145320307e-03
-6.517907213229609531e-02 -2.066318614116939567e-02 -1.115869429646709765e-02
-6.512705962914897007e-02 -2.446814549795421623e-02 -1.142113354741314257e-02
-6.522637586850596469e-02 -2.820244354835781120e-02 -1.064841893254497851e-02
-6.643647681731654209e-02 -3.149005694023403190e-02 -2.220739393818171870e-03
-6.649349611062480014e-02 -6.965472006878885292e-02 -1.532484560596736323e-03
-6.577212344665003818e-02 -7.350380735180410408e-02 -6.532062559711726557e-03
-6.496296804208231968e-02 -7.730624049610528015e-02 -1.214616444646099414e-02
-6.474778782386256260e-02 -8.106613129085930847e-02 -1.366959956227520312e-02
-6.478872131366206211e-02 -8.482446537992986701e-02 -1.343445923863628710e-02
-6.543431412238551181e-02 -8.863571954599651359e-02 -9.036113291370662104e-03
-6.621295194882823032e-02 -9.250415133020910285e-02 -3.729273348438533198e-03
-6.779947858113719028e-02 -9.654375089041027092e-02 7.141123742473332037e-03
-7.355064134854746860e-02 1.234018586791392896e-01 9.874294728648869146e-03
-7.172009330052805942e-02 1.165133200801250074e-01 -1.800467043506892573e-03
-7.168447207469416660e-02 1.125674180901881788e-01 -1.636494665729792963e-03
-7.135143857259226841e-02 1.081658087886211012e-01 -3.446210890400203120e-03
-7.142347078580332798e-02 1.043976627505656812e-01 -2.587427168476374995e-03
-7.261602561730814975e-02 5.923617707856861092e-02 9.301494092357365240e-03
-7.056500743884516758e-02 5.308049248822895028e-02 -4.054774313556941401e-03
-7.051266711015177768e-02 4.918114172586170174e-02 -4.136849909412654291e-03
-6.998015921372843784e-02 4.479054438241687752e-02 -7.421900301563533198e-03
-6.991292517442179721e-02 4.089944886335102059e-02 -7.621635466205867182e-03
-7.012020032662821811e-02 3.727883922227588631e-02 -6.002773314106257807e-03
-7.501924764174891513e-02 -1.763425000822868571e-03 2.875394675196429883e-02
-7.153584044236613315e-02 -7.779351600325432048e-03 5.643378228557316412e-03
-7.076678406257105869e-02 -1.207021547189983390e-02 6.365284627797285211e-04
-7.057148199338389438e-02 -1.601213885179790519e-02 -5.499019914744218696e-04
-6.972460429925395053e-02 -2.026034069887432121e-02 -6.096710234272273432e-03
-6.968776117820216220e-02 -2.408286852470668815e-02 -6.244172125446589838e-03
-6.977330874461604160e-02 -2.785026950470241569e-02 -5.583156614887507807e-03
-7.296504061479044956e-02 -3.039643836847576164e-02 1.581795069636127149e-02
-7.431951891440821689e-02 -6.933169921568664573e-02 2.518803927363177930e-02
-7.019332777518702549e-02 -7.346272391907009147e-02 -2.403964071857722651e-03
-6.981427948731852573e-02 -7.727988639555009864e-02 -4.964818029987605463e-03
-6.866331379670573276e-02 -8.105850259481998943e-02 -1.269232180653789843e-02
-6.927983443993998569e-02 -8.485133496753009819e-02 -8.618701964008601557e-03
-6.954655777472926181e-02 -8.865417184016737007e-02 -6.891657381641658198e-03
-7.005280237454844516e-02 -9.250038878700765632e-02 -3.573764830219539057e-03
-7.777740042466593784e-02 1.199719690001842115e-01 1.209224316538592969e-02
-7.785619776505900425e-02 1.161341451323863599e-01 1.300407502115985547e-02
-7.806391995210124057e-02 1.124847166455623243e-01 1.473421904505511915e-02
-7.649350892562342685e-02 5.534880684980121590e-02 9.358654946696964849e-03
-7.624932359713984531e-02 5.118794070848194100e-02 8.056710690868107427e-03
-7.442723195809794468e-02 4.546511994966236092e-02 -3.427137404072078120e-03
-7.635197769660426181e-02 4.348596262105670907e-02 9.235273332011906255e-03
-7.894559185761881870e-02 -5.735299714720573649e-03 2.851427647532245313e-02
-7.474075238961649936e-02 -1.196797860494884513e-02 1.443217725169865240e-03
-7.455632071752024692e-02 -1.590640021196636222e-02 3.690228170277753961e-04
-7.435327004451228183e-02 -1.984169257513317131e-02 -8.350506120798906196e-04
-7.455496471185160678e-02 -2.358402607671054863e-02 5.711421674611250054e-04
-7.676989566344691318e-02 -2.650560734502109550e-02 1.499999615610858594e-02
-7.819563131589366001e-02 -7.326513638428482078e-02 2.463484856547137891e-02
-7.401833664435816806e-02 -7.726285157433780693e-02 -2.443899183857234370e-03
-7.402349989671183628e-02 -8.107559934898349308e-02 -2.445806532490046870e-03
-7.378293555039835971e-02 -8.487624132714303993e-02 -4.048098593342097651e-03
-7.378536443967295688e-02 -8.868064189038309120e-02 -4.085768728840144526e-03
-8.348885159749461216e-02 5.458001124032703377e-02 2.888734194697162305e-02
-8.354371767301035923e-02 5.063109921582904793e-02 2.950079295099994336e-02
-7.959641497392130893e-02 -1.528789771429332756e-02 7.830332250011173834e-03
-7.962448876161051792e-02 -1.915061397186550163e-02 8.118818730724064459e-03
-8.177256565350962680e-02 -2.210009393922122978e-02 2.170790287913104688e-02
-8.250249903459025425e-02 -7.718994205526145957e-02 2.678711268366595899e-02
-7.886871676701975864e-02 -8.108202640607091449e-02 3.926287621867863287e-03
-7.887242715615702671e-02 -8.492609968117507957e-02 3.906320065868107427e-03
