6.058063569025922551e-03 -1.123896842929209272e-01
-1.518282212950403272e-04 -1.120307833513017187e-01
-2.949612664407741825e-03 -1.125180768819905724e-01
-5.583903128710229757e-02 -1.122535005934898467e-01
-6.064137631423079794e-02 -1.122154406482875344e-01
-6.449390591133755124e-02 -1.124676201505869083e-01
1.074287761338174954e-02 -1.078681979141953434e-01
4.167550459678699519e-03 -1.074531470297923202e-01
-2.121654476442914796e-03 -1.070918223082343440e-01
-6.352506085290975622e-03 -1.072081152173764290e-01
-7.215360419656976360e-03 -1.081391305212979354e-01
-5.124560735107696469e-02 -1.077719762178156321e-01
-5.620905197853570678e-02 -1.076952877200742092e-01
-6.289308085238448642e-02 -1.071199225014891482e-01
-6.718283005238076533e-02 -1.072224566647760197e-01
-6.954320628783174085e-02 -1.079007175716342748e-01
1.607027960083459717e-02 -1.034770033716702897e-01
9.055024105939335488e-03 -1.030027562011219117e-01
-2.302637693576757940e-04 -1.020189893425369893e-01
-4.420898011741392075e-03 -1.021315689152843265e-01
-9.185494415465214960e-03 -1.021172338994902618e-01
-1.057878540713864425e-02 -1.028680045021418549e-01
-4.615009175779875850e-02 -1.034142928703033482e-01
-5.189386845458780068e-02 -1.031452615116308230e-01
-5.986589366488320046e-02 -1.022718180525130083e-01
-6.474193462414114253e-02 -1.022053297836683500e-01
-6.900326852503974040e-02 -1.023042023128094002e-01
-7.178248700787052961e-02 -1.028206157112764169e-01
-7.208383062997369972e-02 -1.040616975534653377e-01
7.485220371697390296e-02 -9.986459025986924032e-02
6.270804223610984551e-02 -9.861140250150005060e-02
5.608439612513319711e-02 -9.830192607260911097e-02
1.503202854480443010e-02 -9.875616399596109929e-02
6.334207565605817943e-03 -9.797169329103283530e-02
-2.149314623894262467e-04 -9.760320171104570897e-02
-4.939244405589984094e-03 -9.760142597492817151e-02
-1.059241143843081025e-02 -9.740249016991764375e-02
-1.269344492991840607e-02 -9.795525657400354358e-02
-4.614544717690288039e-02 -9.894757578569123024e-02
-5.229135896118872195e-02 -9.859910276261521500e-02
-5.986320829355418205e-02 -9.788010116036785502e-02
-6.544124660677208549e-02 -9.764211873834513500e-02
-7.328050534756361256e-02 -9.680816271659303807e-02
-7.748274668630428241e-02 -9.690172371247295080e-02
-7.563039463977877519e-02 -9.862240407637025419e-02
7.911430196076671417e-02 -9.513399225920879387e-02
6.807098441910784670e-02 -9.415804193150768830e-02
5.900498101577426879e-02 -9.347937286170154847e-02
5.323054951406799851e-02 -9.332641966892799013e-02
4.909002360990988995e-02 -9.344172713612222680e-02
1.261591300108938322e-02 -9.380440761202570032e-02
6.346703633375876466e-03 -9.352623509331402241e-02
-2.034771981836202615e-04 -9.318490212234797898e-02
-4.928699216867322638e-03 -9.318650636059555570e-02
-1.012384673801745502e-02 -9.309408144240934047e-02
-1.268469618864668906e-02 -9.352393819367663119e-02
-4.395117901013580186e-02 -9.497496669415561588e-02
-5.299800837094866685e-02 -9.399264490147765660e-02
-6.048749673514528663e-02 -9.333977952551388013e-02
-6.585375484571688587e-02 -9.316840566045421490e-02
-7.305396080668777326e-02 -9.254453128918864457e-02
-7.726073942596911603e-02 -9.263531334720193078e-02
-7.563428162716283321e-02 -9.419345830081916893e-02
7.785043263350725773e-02 -9.033687673312712496e-02
6.809055564331471799e-02 -8.962326170411875903e-02
5.875441752118078925e-02 -8.895490709201669954e-02
4.874146322639014844e-02 -8.816435809339531748e-02
4.623134827212124071e-02 -8.852030599573371128e-02
5.254935805362845325e-02 -9.027597145739424400e-02
1.532166771106350210e-02 -8.980055208774177788e-02
7.014857710892648777e-03 -8.919420519098360256e-02
2.572193196732682624e-03 -8.925719787511789127e-02
-4.747433519316926823e-03 -8.880073681786411488e-02
-8.461332694118386261e-03 -8.899037103600522525e-02
-4.838853474466621452e-02 -9.054708407157271988e-02
-5.777527291334495080e-02 -8.954570987090663958e-02
-6.456694979171451187e-02 -8.908363306392579062e-02
-7.069928202748025636e-02 -8.875232699079935172e-02
-7.079966251254651843e-02 -8.979413651747567005e-02
7.786631899827044234e-02 -8.574205103553164675e-02
6.848594875729868692e-02 -8.513895784793508448e-02
5.876823776172551694e-02 -8.447208581638804281e-02
4.949578231135719902e-02 -8.385028662428567481e-02
5.046854695277901842e-02 -8.468609246642347377e-02
5.256094593430156447e-02 -8.570544889198476735e-02
1.106937819650087584e-02 -8.539352295114528701e-02
3.766357262602723112e-03 -8.499376232904172490e-02
-4.776934909044698607e-04 -8.509235422197534982e-02
-5.276082984587228408e-02 -8.612795345734509944e-02
-5.981016538305100605e-02 -8.566850416031407400e-02
-6.295582347891887087e-02 -8.600770955520710415e-02
6.918549147800856502e-02 -8.068323237113932123e-02
6.430834823108612375e-02 -8.070020129124563790e-02
5.463388701915235235e-02 -8.008990845799614233e-02
5.436252146761582499e-02 -8.070603921840843742e-02
6.537901179502339510e-02 -7.627527601945426061e-02
6.116493132707084140e-02 -7.637510353468260349e-02
8.448526913797549387e-03 -4.460239680303539067e-02
4.204410621143989113e-03 -4.466672134824926921e-02
-2.253760821231856875e-03 -4.462987744753637437e-02
-6.493474708247827520e-03 -4.469354210742818717e-02
-5.785345250724460014e-02 -4.515727548155946264e-02
-6.569134528852531296e-02 -4.501284023728953365e-02
-6.839373770671045016e-02 -4.516543010236415134e-02
1.151435171051497057e-02 -4.001435859769934128e-02
5.922790164104716620e-03 -4.003176521912570063e-02
1.709315679678635519e-03 -4.009175789054979927e-02
-5.762125199947232268e-03 -4.004654962309811550e-02
-9.957577133077233703e-03 -4.010582902624243440e-02
-1.235513788560723553e-02 -4.022586207568157324e-02
-5.359532803405221701e-02 -4.065140141084870595e-02
-6.154270617060812049e-02 -4.056017909608885391e-02
-6.655045944092381760e-02 -4.058580055798813313e-02
-7.079517736744252165e-02 -4.064294261811250697e-02
-7.476379800119001273e-02 -4.071243628170193030e-02
6.959508709228398593e-02 -3.509668732216801590e-02
6.022778371677364739e-02 -3.508071815549123479e-02
5.779733166797058896e-02 -3.516343248946082745e-02
1.371368290026589443e-02 -3.557927031843138160e-02
4.331776551106195257e-03 -3.554311880550709707e-02
-1.449789895788644372e-03 -3.556965764918457867e-02
-7.053808034464029673e-03 -3.559847843961578412e-02
-1.220775910019793187e-02 -3.563502249973648367e-02
-1.481657818112325567e-02 -3.572116031396589675e-02
-4.704980582021452834e-02 -3.620555849412653709e-02
-5.363516379301445924e-02 -3.620636864132585619e-02
-6.152044432024678100e-02 -3.617256610536069561e-02
-6.684724048572536492e-02 -3.619961286150611551e-02
-7.243749831261525607e-02 -3.621869181494969531e-02
-7.666547969675276131e-02 -3.627253340196977954e-02
-7.907130267240723709e-02 -3.637631090791055427e-02
7.246517509322322748e-02 -3.046972774516540708e-02
6.433790264416114346e-02 -3.051214819616850094e-02
5.783084223778057337e-02 -3.055805198703469283e-02
5.274013011673199525e-02 -3.060758580911135396e-02
5.320043025608701265e-02 -3.067468306216085405e-02
1.340662413641304125e-02 -3.107396618532211330e-02
5.843210247503603273e-03 -3.111030084198805265e-02
-1.491303799370348590e-03 -3.114648476119782558e-02
-7.367823259428419626e-03 -3.118922043498553731e-02
-1.224921049875685522e-02 -3.123686908976072707e-02
-1.485836584661143212e-02 -3.129757005043712348e-02
-4.709297110240788509e-02 -3.172735960057887494e-02
-5.452713076504038525e-02 -3.175393915969691033e-02
-6.156298648892671865e-02 -3.178208511828746474e-02
-6.889426654628523494e-02 -3.180588052585150982e-02
-7.434280272638391085e-02 -3.184519190657488646e-02
-7.854075359437318049e-02 -3.189580689474064840e-02
-7.911430196076658927e-02 -3.198281542080114864e-02
7.250660058557825693e-02 -2.591745977182334515e-02
6.429236043872021966e-02 -2.600069560751615619e-02
5.669339962905087238e-02 -2.607839626754464984e-02
5.010926816545663298e-02 -2.614718501754626986e-02
4.599273359581517590e-02 -2.619473143568403634e-02
1.651337524640052179e-02 -2.654711574421997344e-02
7.619961880361327856e-03 -2.663422826379664016e-02
4.816553695511571406e-04 -2.670661461763535263e-02
-6.919535184147233148e-03 -2.678090819445402837e-02
-1.084870768939980024e-02 -2.682682765315456963e-02
-5.485573563862684507e-03 -2.679796162782004804e-02
-5.239137362943869364e-02 -2.730531229456482217e-02
-6.146576025853651981e-02 -2.739034042872238658e-02
-6.585748799530058428e-02 -2.743981754756777067e-02
-7.320834667489142800e-02 -2.751120246697050589e-02
-7.316195821479036521e-02 -2.752789191779624750e-02
7.713010578635812187e-02 -2.127196270711944129e-02
6.515407736204363587e-02 -2.147099217658117454e-02
5.664366930641995257e-02 -2.160185008458676351e-02
4.983450009671477887e-02 -2.169915029533253312e-02
4.889932497064759798e-02 -2.167766718384801436e-02
1.218145549936774062e-02 -2.205054838386128965e-02
3.333701539311739910e-03 -2.219389389847886696e-02
-9.147843436295795185e-04 -2.223881475557203113e-02
-5.995190538785309664e-02 -2.296030469510162986e-02
-6.422753345313121642e-02 -2.300598998943601328e-02
-6.835242765528767861e-02 -2.304794905553248646e-02
6.822175071241154409e-02 -1.685143876641996552e-02
6.049079660432447186e-02 -1.700224850555944606e-02
5.299370255828367987e-02 -1.714709703518461220e-02
5.500451217319366620e-02 -1.698855347457392875e-02
6.336151283330479500e-02 -1.235517347511533824e-02
5.916025141976181262e-02 -1.238984002179602945e-02
1.195883536375618589e-02 1.889331870740706618e-02
5.443562126721058006e-03 1.856909226013040218e-02
1.162788822152997044e-03 1.855864730689341102e-02
-4.913873841322008440e-02 1.798758535199221353e-02
-5.848857212177062392e-02 1.712621852316394133e-02
-6.279400568105629465e-02 1.710763122743382686e-02
1.615301089718595290e-02 2.344108952119947076e-02
4.572306993856148360e-03 2.231828565126384514e-02
-1.235666067235047239e-03 2.206399172074484730e-02
-6.820973173527448627e-03 2.183951050286177600e-02
-3.217342045932931275e-03 2.307224909190812301e-02
-4.485691614358301715e-02 2.252255121910801822e-02
-5.427270561094457019e-02 2.158433599359999358e-02
-5.974550019695794995e-02 2.135091788162655005e-02
-6.764175691305399085e-02 2.065483708644384742e-02
-7.330573032466236594e-02 2.036581280428852864e-02
6.676052372079155361e-02 2.858158100949518415e-02
6.257720865713724268e-02 2.858946538916747049e-02
5.940413255761343297e-02 2.874833277256844816e-02
1.157451394061717598e-02 2.724106872621686118e-02
4.560462696770749974e-03 2.677649526311854516e-02
-3.585544211211034310e-03 2.611083712586310598e-02
-7.886239687912946841e-03 2.608555419898271610e-02
-1.110082973440188088e-02 2.624860431357513985e-02
-4.679673345946214202e-02 2.667501048068140340e-02
-5.558695692344435557e-02 2.577810379515078562e-02
-6.349389683423703468e-02 2.503340778443915310e-02
-6.921699801186277645e-02 2.471467989699827061e-02
-7.462248424500671218e-02 2.445353885021211635e-02
-7.760873734681129898e-02 2.469764797909129381e-02
7.107562321067179001e-02 3.314472772588220040e-02
6.448857453095813153e-02 3.278031051938359169e-02
5.618956162391249010e-02 3.213850781993898842e-02
5.205916180763178747e-02 3.215003123283398379e-02
5.507661340718997961e-02 3.331784369352789460e-02
1.147759905136123103e-02 3.171786969132908002e-02
5.384111230812597786e-03 3.138567649661773429e-02
-3.813841642527555573e-03 3.048185598406943572e-02
-9.086811434069275509e-03 3.027905141429944672e-02
-1.119358144999949012e-02 3.066299663999049602e-02
-4.624314790218633786e-02 3.129550540460032670e-02
-5.573666982682503462e-02 3.018152374905470198e-02
-6.357799213672028771e-02 2.939496236845830224e-02
-7.067121697489345267e-02 2.875090761308606371e-02
-7.486249320548217512e-02 2.874100125051994373e-02
-7.830891870258352427e-02 2.890275996899301092e-02
7.096380264975239716e-02 3.767813610696244681e-02
6.371824846864733438e-02 3.718035456729102545e-02
5.593128804305799034e-02 3.658109812360323815e-02
5.180315277479823066e-02 3.659717809628308671e-02
5.300873433642902532e-02 3.753943770232950894e-02
1.137674684898431349e-02 3.619264775568461351e-02
5.284484587543838985e-03 3.583989418640406988e-02
8.180693740079379456e-04 3.579690330870618359e-02
-6.761917394664251034e-03 3.513840364498906077e-02
-6.217553298342871036e-03 3.609157106896876410e-02
-4.625223965352881494e-02 3.580703143576632191e-02
-5.348278109003602732e-02 3.513632271909696014e-02
-6.200819327230834566e-02 3.414288396834346678e-02
-6.938596469830873859e-02 3.339278454347849312e-02
-7.472893301409863631e-02 3.311232183297745102e-02
-7.187321184947906283e-02 3.483994580347006542e-02
7.151768349891035603e-02 4.232814926290947438e-02
6.550661400557310221e-02 4.202242823211641692e-02
5.910512406540660568e-02 4.164048357425759184e-02
5.494285897580004213e-02 4.166131332145824040e-02
8.906913055541171298e-03 4.105946900544880929e-02
4.645362855695263013e-03 4.106939650072144454e-02
3.718438054199535068e-04 4.107836103867218425e-02
-5.069024490327745519e-02 4.029757405533663378e-02
-5.788450412823940155e-02 3.958330074771670287e-02
-6.333382387927542767e-02 3.929212924318634809e-02
-6.764365065498119389e-02 3.928796906479366247e-02
7.805435793874469785e-02 4.811965705658043796e-02
6.622697130194252213e-02 4.670280035675446195e-02
6.303078426714599225e-02 4.691894906452569874e-02
6.330599097003140885e-02 4.781718207344391042e-02
7.368288046464742391e-02 5.276101655956335484e-02
9.059152034538334869e-03 8.185659454949634206e-02
3.808455867580319738e-03 8.157868169162683925e-02
7.337465353696885628e-02 8.980948754249397370e-02
6.911641491149878025e-02 8.988004477983785323e-02
1.316962474921525190e-02 8.629243667167484089e-02
6.007993341062022041e-03 8.536011713145118252e-02
9.273803004991884407e-06 8.480332618721021787e-02
-5.666621805334710535e-03 8.434522487713252969e-02
-5.489273006675149391e-02 8.383972604818056007e-02
-6.231432831081960833e-02 8.257660742186347103e-02
-6.602989221980255785e-02 8.283079870916346121e-02
-6.428099780861623591e-02 8.542801354147670778e-02
7.744649697978024661e-02 9.432439815174700759e-02
6.873183888348922965e-02 9.303895493023858765e-02
5.675111223677433564e-02 9.071978351858976664e-02
6.005942455059408436e-02 9.311225829979620505e-02
2.043125725813699223e-02 9.180114929845568927e-02
1.280625260636860351e-02 9.069718245593819117e-02
4.071553949406719365e-03 8.917588871525665428e-02
-1.938894082479856963e-03 8.858642554944250180e-02
-9.885847982368677414e-03 8.728378510770302967e-02
-1.185835137278100013e-02 8.813252110048098997e-02
-4.924755346522948635e-02 8.883782178688463815e-02
-5.847969526163219328e-02 8.678887248150615741e-02
-6.329301139941370669e-02 8.657463771486863247e-02
-6.962220826678477970e-02 8.569320913123153194e-02
-7.042496567873546276e-02 8.723696110719274255e-02
-7.193748737574100216e-02 8.851389762966491159e-02
7.359438843601603941e-02 9.775818456079687913e-02
6.241011029270364385e-02 9.563281243169541312e-02
5.658285807262877082e-02 9.517300083447992332e-02
5.354594571133842323e-02 9.560580586429723304e-02
5.565485069695264020e-02 9.773204858659186034e-02
1.914990100050390290e-02 9.591222229659146503e-02
1.265306780618508792e-02 9.516933883139047645e-02
5.676482039930487791e-03 9.423350454907698792e-02
-2.086442020069697190e-03 9.298389823574712554e-02
-1.003033592137148912e-02 9.163466098761248457e-02
-1.342976812248472540e-02 9.197521851779363877e-02
-5.008794440323099256e-02 9.296005928492324932e-02
-5.706774220813036480e-02 9.181853599959011181e-02
-6.300436385718174992e-02 9.110735681502417360e-02
-6.974645044649246950e-02 9.000964481670252482e-02
-7.347586062960921593e-02 9.026510605092462336e-02
-7.387159439498645896e-02 9.209236341776869117e-02
7.646449622205646335e-02 1.032832283043805394e-01
6.223516428027280750e-02 1.000962239831354045e-01
5.789355487394009375e-02 1.001131553543325170e-01
5.400302259231803265e-02 1.002826900562584778e-01
5.426398754403236047e-02 1.018636848773398357e-01
1.964428885096803495e-02 1.006458341723130701e-01
1.331986154827343935e-02 9.994471393316052554e-02
6.135077395003388570e-03 9.890148969054722572e-02
-2.237838765806052059e-03 9.737716225482759280e-02
-8.326500620895892560e-03 9.670020103623377938e-02
-5.640336573368506454e-03 9.945793675243902454e-02
-3.945371952457760178e-02 1.001923275995578594e-01
-4.709036680015350057e-02 9.877638770536652235e-02
-5.451577512304144058e-02 9.741369261057278295e-02
-6.280396101591392832e-02 9.561018485112340870e-02
-6.718770850533935246e-02 9.558381890611519771e-02
-7.092591315568703980e-02 9.586648754661662719e-02
7.911430196076665866e-02 1.088003003403076319e-01
6.516854672766649037e-02 1.056100853605886764e-01
5.815210886393289841e-02 1.047240722184281936e-01
5.404627034363931881e-02 1.048278796984510736e-01
5.877691543782317951e-02 1.080333616788153456e-01
1.521136513345864791e-02 1.052119212185733260e-01
9.297686698931580465e-03 1.046410241726674767e-01
1.744539352158419425e-03 1.034064706689211410e-01
-1.526565710949420122e-03 1.038607315555245408e-01
-4.528230347781874582e-02 1.041372641523615472e-01
-5.341355182876326296e-02 1.024093076509663414e-01
-6.159477063394092761e-02 1.006037565901573005e-01
-6.679222758157561668e-02 1.001922465390995137e-01
-6.866573748799460752e-02 1.014121330739723992e-01
6.711436361836799203e-02 1.124255345874305284e-01
6.286093100000739176e-02 1.125180768819906141e-01
1.474221343572836712e-02 1.113889150940791384e-01
8.814634907041270229e-03 1.108098316707124276e-01
4.480715041850362283e-03 1.108786284010634809e-01
-4.979291503116108075e-02 1.086685030504743188e-01
-5.787260110979910999e-02 1.068819461869402188e-01
-6.449891343410471545e-02 1.057698041486540008e-01
