2.538211145581021483e-03 -1.160463678758686806e-01
-1.884964503871948980e-03 -1.159844841288689560e-01
-6.110335697681781170e-02 -1.136789778128722422e-01
-6.697991685256841909e-02 -1.119970997878410451e-01
-7.121595293760461798e-02 -1.120076411326278998e-01
-7.467307899087261003e-02 -1.129860336296407419e-01
6.958924483322094512e-02 -1.129256664469130561e-01
6.400758779657642061e-02 -1.124007295875717044e-01
5.911917330672187415e-02 -1.121344463066587666e-01
5.685902947680077785e-02 -1.129335170837656166e-01
5.620480029837541906e-03 -1.109127217902513701e-01
8.551462822738836169e-04 -1.106352588053978875e-01
-5.094386746002581116e-03 -1.096696094336613025e-01
-1.002496283036126250e-02 -1.092481603266619722e-01
-1.415438816811818122e-02 -1.092924062426542664e-01
-5.660886424599057692e-02 -1.093977757512250432e-01
-6.257292732672280200e-02 -1.078007589569122265e-01
-6.775199283825680818e-02 -1.068343977287822266e-01
-7.181752115235374989e-02 -1.069712547392030755e-01
-7.609086016434873923e-02 -1.068963097436890219e-01
-7.895060573490234046e-02 -1.085756555843268439e-01
7.407441606276436719e-02 -1.085610530584121963e-01
6.786400747458944116e-02 -1.078403294170337257e-01
6.347562462756224655e-02 -1.077672223892592457e-01
5.566920587021748079e-02 -1.064045222897551518e-01
5.085103027770492001e-02 -1.061391580710391025e-01
5.259069596071867803e-02 -1.084502618200113011e-01
1.143279566706585128e-02 -1.072567545332804018e-01
5.289953245758494300e-03 -1.063148984249496498e-01
-1.267581422298734222e-03 -1.051051152880469186e-01
-6.188009781024865832e-03 -1.047078134188022119e-01
-1.061252758026961542e-02 -1.045663354231977510e-01
-1.484760215966192572e-02 -1.045299925204648955e-01
-1.836281737137269304e-02 -1.049249100993748102e-01
-5.784759212285888602e-02 -1.038795340691576474e-01
-6.260034293003199912e-02 -1.034135136715705061e-01
-6.777055144958250843e-02 -1.025008377155251782e-01
-7.214467396882469352e-02 -1.023025957256978868e-01
-7.617477266086586374e-02 -1.024649558297318908e-01
-8.016675282433076422e-02 -1.027063934895963010e-01
8.158916755734937909e-02 -1.051936955517164957e-01
7.333777499083739271e-02 -1.038582633186824755e-01
6.708989087996541922e-02 -1.031562336117713696e-01
6.158640962067304242e-02 -1.026881722541908015e-01
5.448659152272046502e-02 -1.016369678469181137e-01
4.959344781705256333e-02 -1.013452337367976297e-01
4.550946596300287778e-02 -1.013445421000884056e-01
1.070107172848646857e-02 -1.024528132087733634e-01
3.760096866261420333e-03 -1.011700964045579298e-01
-1.593470540421397129e-03 -1.005959098701307147e-01
-6.319963486153887602e-03 -1.003092039833502203e-01
-1.225364306588834322e-02 -9.937861688973277652e-02
-1.609835551806633458e-02 -9.952019349477016219e-02
-1.903132152926606535e-02 -1.001865698934849558e-01
-5.777357960202756521e-02 -9.956891939117647194e-02
-6.321863381108572266e-02 -9.853230830318622513e-02
-6.780293128972959826e-02 -9.816676113923593350e-02
-7.212813039463202014e-02 -9.801608347952982248e-02
-7.632697088994032375e-02 -9.798618155860637502e-02
-8.026942148908673691e-02 -9.824476135710406843e-02
8.171532566484093763e-02 -1.007181037267440571e-01
7.151347076997922880e-02 -9.884857802438781760e-02
6.599018417684499038e-02 -9.840449093417603932e-02
6.031733017873207314e-02 -9.789708915545412837e-02
5.393127460377156873e-02 -9.713452780535486442e-02
4.883947395709963002e-02 -9.678347057747874183e-02
4.476751848531215078e-02 -9.677535691776090188e-02
4.429916665480009008e-02 -9.805166757625528862e-02
1.081305898286502414e-02 -9.806336277382833588e-02
3.365765473047435154e-03 -9.663048023733496195e-02
-1.485642638801457603e-03 -9.631188705328423694e-02
-7.207997261202026863e-03 -9.556589157431129300e-02
-1.222835573356251086e-02 -9.512139819626458381e-02
-1.637674801271639738e-02 -9.509400471258316889e-02
-2.023877093274485672e-02 -9.522023263676118732e-02
-2.202989416209457513e-02 -9.648274269520393243e-02
-5.767507679928039754e-02 -9.527800754051408971e-02
-6.257081122809081408e-02 -9.474389491100522476e-02
-6.783998546818154063e-02 -9.384234006843004960e-02
-7.249497807273241889e-02 -9.339342284701045160e-02
-7.671059436856056402e-02 -9.331758110443831578e-02
-8.025114035714837890e-02 -9.393370434651562850e-02
7.400835105048876594e-02 -9.518298830856372628e-02
6.733035714577037534e-02 -9.443161718331706533e-02
6.170268659317392629e-02 -9.397339292307130276e-02
5.508684975292855307e-02 -9.319247436536515217e-02
4.982420432512158631e-02 -9.281184191366827207e-02
4.701561745358106420e-02 -9.321474456827344435e-02
4.589598231317649352e-02 -9.419973047568211411e-02
4.400647457694181752e-03 -9.271520126492567571e-02
-1.264929038563795309e-03 -9.207481157866972965e-02
-7.095016797812382994e-03 -9.132772272164603466e-02
-1.199576865727050058e-02 -9.096256364685173512e-02
-1.598965049696273247e-02 -9.100622663441007565e-02
-1.802358789780288129e-02 -9.201351771142023128e-02
-2.050708902634822833e-02 -9.287135341125331289e-02
-6.234721781844285160e-02 -9.057631433626556205e-02
-6.729099681256027476e-02 -8.999383346907958992e-02
-7.208639517298340293e-02 -8.947518995016191801e-02
-7.613973420219737054e-02 -8.956071450803018696e-02
-7.735552277128902865e-02 -9.236971941832390620e-02
7.103563750854648140e-02 -9.106180048173154185e-02
6.457644730168021763e-02 -9.041470960564230996e-02
5.682262254651396227e-02 -8.937060895679026229e-02
5.254208360633514513e-02 -8.931068036287867495e-02
5.035073679269155139e-02 -8.988149452557112062e-02
1.776589879503177719e-04 -8.831526676575258972e-02
-5.337004264381847371e-03 -8.776199831088558889e-02
-9.855783382240169976e-03 -8.760040237445479439e-02
-1.139253661420017508e-02 -8.873621159267951197e-02
-1.531127392328719174e-02 -8.887938316336960187e-02
-6.520589503513625484e-02 -8.721037157516951799e-02
-6.958918426290260084e-02 -8.713081711502508597e-02
-7.279343518446312888e-02 -8.802257995980329597e-02
-4.096060877903545672e-02 -7.096446367513964404e-02
-4.086327698977570977e-02 -6.652304203334612198e-02
6.707633074766394810e-02 -5.089791886863716946e-02
6.269261259055201874e-02 -5.081735257502874303e-02
2.304231137288788311e-03 -4.940279331347893071e-02
-2.166552701564728595e-03 -4.930807123190199953e-02
-6.524734499634835157e-03 -4.922714027786147944e-02
-6.135743585699480335e-02 -4.781404968549515105e-02
-6.566671958436086365e-02 -4.772982977744023858e-02
-6.988421619051399247e-02 -4.766573924954133762e-02
-7.338711328318721361e-02 -4.776820935404858803e-02
7.755525928673420721e-02 -4.672630831242767513e-02
6.904002428598303431e-02 -4.636921631399618798e-02
6.395652470251195210e-02 -4.623635296884277823e-02
5.729346459542752207e-02 -4.599349525040021675e-02
5.266888955901174313e-02 -4.588806111535868870e-02
6.767910053553219396e-03 -4.510462326601032829e-02
7.473956261620202197e-04 -4.487457943176833414e-02
-3.797882961547530221e-03 -4.477110638851693886e-02
-9.607764998414350735e-03 -4.454934186039365834e-02
-1.388544781581165476e-02 -4.446648327864222150e-02
-5.663820985285120124e-02 -4.365632213969847936e-02
-6.152764536223703784e-02 -4.349167028543603902e-02
-6.584980093150125113e-02 -4.340303309530567366e-02
-7.052262265783211526e-02 -4.325965213556170336e-02
-7.497372500822567509e-02 -4.314619030209866646e-02
-7.767694026678223507e-02 -4.333404034548214018e-02
7.562745794358156914e-02 -4.216165828151913209e-02
6.835822735801411199e-02 -4.194439275527416661e-02
6.213340168679622189e-02 -4.177232333580079698e-02
5.676736510205018099e-02 -4.163836345572374115e-02
5.097870275156701769e-02 -4.148313241041264726e-02
4.674765580428077993e-02 -4.140095795065103224e-02
1.254413031612168147e-02 -4.088198876165587831e-02
6.051590442918581940e-03 -4.067764630179403901e-02
6.101176716560883584e-04 -4.052926823276743057e-02
-6.377678808556451300e-03 -4.028738381781085676e-02
-1.088113888550591539e-02 -4.018810849509261984e-02
-1.583895745745819011e-02 -4.006026483063677285e-02
-1.807828847168239939e-02 -4.010150830783248271e-02
-5.675607417160567769e-02 -3.933704600267506901e-02
-6.185879488277291199e-02 -3.918319404797419858e-02
-6.616272395873194767e-02 -3.909541803136655502e-02
-7.083234391646213435e-02 -3.897291580414759260e-02
-7.543725569893465488e-02 -3.885307526707627163e-02
-7.923855140872013147e-02 -3.881365399700683477e-02
-8.171532566484093763e-02 -3.892705122811518370e-02
8.018837810089307627e-02 -3.781894237279645465e-02
7.460280260783594408e-02 -3.770209674116469650e-02
6.928451226081024095e-02 -3.759163174285553438e-02
6.222289889771173005e-02 -3.743765700280535236e-02
5.551724211533564518e-02 -3.729198818439086877e-02
5.033110418341705389e-02 -3.718387285760122590e-02
4.598814537788476625e-02 -3.709677564758863400e-02
4.657553402994116243e-02 -3.713441766411586936e-02
1.243689966188317453e-02 -3.645860105479956786e-02
5.734468990972988942e-03 -3.630922750900624635e-02
5.865944195166773257e-04 -3.620078334792249664e-02
-5.865757545017473082e-03 -3.605656125886292501e-02
-1.092584480428612261e-02 -3.594948065971032697e-02
-1.575281476533658270e-02 -3.584844514483367245e-02
-1.908875428454352360e-02 -3.578870978734874364e-02
-2.201701378422934313e-02 -3.574097929937913865e-02
-5.646234584659411138e-02 -3.505173440473015323e-02
-6.177237089119685248e-02 -3.493331733921312826e-02
-6.649754319408486547e-02 -3.483276045286823330e-02
-7.096583131049037652e-02 -3.474014711800086502e-02
-7.535194055281260739e-02 -3.464998840879431052e-02
-7.944229328350256580e-02 -3.457004904299677828e-02
-8.162677406629886834e-02 -3.456040325193228402e-02
7.548747907101402421e-02 -3.329611324289091789e-02
7.011439768597255151e-02 -3.320337744414768311e-02
6.441796249291911747e-02 -3.311014873155379568e-02
5.619588424823947215e-02 -3.301002729537620695e-02
5.105296433817543833e-02 -3.292112153095520105e-02
4.607406980168649718e-02 -3.283322735316270002e-02
5.073920423855499823e-02 -3.276406971639187621e-02
1.272381569474302816e-02 -3.204560885287177641e-02
5.822060649038104073e-03 -3.196365944893382605e-02
7.916004137219222235e-04 -3.187821850796087458e-02
-5.532461794162711957e-03 -3.179954140220680320e-02
-1.070907601924004325e-02 -3.171795459067094231e-02
-1.506947797627515226e-02 -3.163284940914838639e-02
-1.900319899057469411e-02 -3.154487903198421872e-02
-1.992936474578484510e-02 -3.143197574046210918e-02
-5.595654482174115818e-02 -3.074098608268169275e-02
-6.089898111191075630e-02 -3.066613570032670003e-02
-6.603482157221962634e-02 -3.059878495280031821e-02
-7.066132820412092397e-02 -3.052205973868881567e-02
-7.510004596508473851e-02 -3.044179662954578022e-02
-7.854073359812091537e-02 -3.032929357247132751e-02
7.725818449618868100e-02 -2.884300566855807837e-02
7.042751309626056611e-02 -2.879293472947191262e-02
6.501353185161626302e-02 -2.872118774031100913e-02
5.874296364200979476e-02 -2.866711429998372584e-02
5.331212212677236689e-02 -2.859975670996954197e-02
5.525078515558689424e-02 -2.838283289604722620e-02
7.627269471359434012e-03 -2.756189485055898433e-02
1.002850562661453896e-03 -2.754821183249907268e-02
-4.805458777854970838e-03 -2.751266906334765006e-02
-9.691106736280536219e-03 -2.744745384485745149e-02
-1.396999326817614968e-02 -2.736025393298640099e-02
-1.422403865382126237e-02 -2.710386724505864722e-02
-6.021561098699947795e-02 -2.632839419986623963e-02
-6.512853438211506363e-02 -2.628568424749457011e-02
-6.986545671245256162e-02 -2.623440798563500542e-02
-7.415940678281096599e-02 -2.614698729057500157e-02
7.388388633023192098e-02 -2.425354898285164360e-02
6.616580142894942784e-02 -2.428868007497695866e-02
6.181286132880608325e-02 -2.419554784658461619e-02
4.180854071632681031e-03 -2.301800311246410269e-02
-3.234547813218046665e-03 -2.312826471411215390e-02
-7.560618464071238755e-03 -2.303771473610682213e-02
-4.443287266544604375e-02 9.376666390156966169e-05
-4.887628081669312397e-02 1.900275511247825314e-04
7.329629173858129287e-02 1.576537757958917929e-02
6.693546095053991285e-02 1.542420088402070288e-02
6.139764275223690698e-02 1.525684708777024640e-02
5.706491822072936454e-02 1.536858279297220742e-02
2.687855773736618024e-03 1.602050751911516385e-02
-2.921853375601919656e-03 1.568247300259950974e-02
-6.338709769414736447e-03 1.610858445481399767e-02
-1.022963489143638612e-02 1.638115492138807194e-02
-5.958262055954280378e-02 1.676984370107810138e-02
-6.431369322864058380e-02 1.660999063061467315e-02
-6.931243336546220879e-02 1.623613579089295059e-02
-7.403932267990281924e-02 1.599970756399910279e-02
-7.542374554138470133e-02 1.832831232737013386e-02
7.773684429948243824e-02 2.009363422902803523e-02
7.134181136984150962e-02 1.971438231976371802e-02
6.500068601743204388e-02 1.932691137434722206e-02
5.823895333922780859e-02 1.880842702677239242e-02
5.319673403561569341e-02 1.871466846681775140e-02
5.278973414493058625e-02 1.986622383956439253e-02
7.098930546374409081e-03 2.026173901591613036e-02
1.387552262135749101e-03 1.986248145455577971e-02
-3.235994733202312949e-03 1.984511968429246084e-02
-8.675021517171989036e-03 1.949916401671326904e-02
-1.294019404339042528e-02 1.960144820192156676e-02
-1.498335695393070155e-02 2.064488582551318036e-02
-5.517344367100479596e-02 2.097760607792162682e-02
-6.031560921217878068e-02 2.053857627121917148e-02
-6.509250556736029258e-02 2.029354167355863423e-02
-6.990298998575009137e-02 1.998239467511710513e-02
-7.413714908447392726e-02 2.007550371621502627e-02
-7.811116504905281366e-02 2.039019030661781001e-02
-7.978666582625254522e-02 2.283472425427768640e-02
7.701383587856971968e-02 2.433079659181645524e-02
7.098840439417529458e-02 2.400590879984663972e-02
6.434341738052559712e-02 2.349273791039726764e-02
5.716976686008231473e-02 2.280345919870481811e-02
5.236072613282943822e-02 2.275352341424756800e-02
4.818336023932399265e-02 2.288206628496376738e-02
5.214114663268813732e-02 2.545768500861777736e-02
1.256572553641492791e-02 2.489599117888437532e-02
5.834718370222304225e-03 2.409098522934044126e-02
1.440455216423343213e-03 2.416031179229322784e-02
-4.345919857146735704e-03 2.365475309636923956e-02
-9.419363954486021512e-03 2.341239688030556307e-02
-1.374197604328815728e-02 2.347811127317524227e-02
-1.729644814335921238e-02 2.389365065047733411e-02
-1.808901599079476910e-02 2.564511955954920652e-02
-5.509715120221686524e-02 2.527990831764105259e-02
-6.023943684404509114e-02 2.479852100917158755e-02
-6.486221374208120394e-02 2.464317564536979560e-02
-6.976101855469693525e-02 2.423652232173409415e-02
-7.399848863394352383e-02 2.433032797214115805e-02
-7.792003871387152836e-02 2.471416720611754880e-02
-8.025400692854153806e-02 2.670336337605513921e-02
7.707050055540944078e-02 2.875422994126613022e-02
7.104542855056446282e-02 2.839708810112665308e-02
6.557581619408815732e-02 2.818284445952700182e-02
5.755904309125042112e-02 2.718755553850593643e-02
5.231401203755822044e-02 2.699485180468032264e-02
4.824180147416177317e-02 2.715883153636675096e-02
5.220296721559906233e-02 2.992670516065851563e-02
1.263198422651566795e-02 2.926694438212609772e-02
7.102263884275415197e-03 2.889331389154249294e-02
1.630325290024532345e-03 2.851474061567718307e-02
-3.840505160333610238e-03 2.810576651345527213e-02
-9.147341022723602319e-03 2.773803531488013008e-02
-1.339149106562774298e-02 2.784244935536808740e-02
-1.722784568693444887e-02 2.814867907340921904e-02
-1.801766412433450024e-02 3.002581389111934340e-02
-5.495193241784533666e-02 2.963100728940374143e-02
-6.025038999899768460e-02 2.899047974529183822e-02
-6.474308119360359937e-02 2.891850406733555492e-02
-6.934689131266737194e-02 2.873133045643665173e-02
-7.360398490558354989e-02 2.882621519276551067e-02
-7.780346778059485380e-02 2.897881108034310732e-02
-8.017333543425211873e-02 3.107022743641001117e-02
7.787525239852419179e-02 3.340180161857411734e-02
7.154456106226619871e-02 3.292316068348865449e-02
6.664886063979041930e-02 3.287098878598621737e-02
6.023624721459567427e-02 3.232281899743875281e-02
5.350458399510612389e-02 3.163891630456578535e-02
5.163031798783927762e-02 3.256094439366511578e-02
1.347048557757478913e-02 3.396970497214782392e-02
7.252111208216768801e-03 3.326728120248523962e-02
2.221193751208007904e-03 3.305931477926844081e-02
-2.108507186562467214e-03 3.316431191632501080e-02
-7.135542651885565420e-03 3.292853276559509768e-02
-1.232461759453006879e-02 3.258778519991742395e-02
-1.560047016346535406e-02 3.322218935280950303e-02
-5.445766978413640880e-02 3.425848925014923774e-02
-5.966718709748222021e-02 3.365837704254646956e-02
-6.454796308678319161e-02 3.326308795181630307e-02
-6.898317944390852663e-02 3.321803137374586962e-02
-7.346428265085463982e-02 3.311082413798913104e-02
-7.657355540661356375e-02 3.441319420295740894e-02
7.355303354156572659e-02 3.796253984021605299e-02
6.833854033818251295e-02 3.780802185990218139e-02
6.265883679348854818e-02 3.748202752483110328e-02
5.830920441345791710e-02 3.760497639014601101e-02
9.148269519740711078e-03 3.847252788750961383e-02
3.043797645612171792e-03 3.774740151365601343e-02
-1.376947221762910662e-03 3.781932385371308825e-02
-6.202144801766874826e-03 3.767888580592275438e-02
-1.053565803300020483e-02 3.778819894716377303e-02
-5.873691692235583767e-02 3.868012058731470221e-02
-6.390312234348753673e-02 3.803367007998290777e-02
-6.868213733036677981e-02 3.767568216087643918e-02
-7.215589778193952364e-02 3.861850162219654381e-02
7.083302877187123980e-02 4.310019004098778611e-02
6.641190832258013488e-02 4.322835773324860270e-02
-4.296666982382754284e-05 4.283706370498391314e-02
-4.426626304857668101e-03 4.294992311099094656e-02
-3.571485969235256575e-02 6.055455755945770430e-02
-4.016702673884681857e-02 6.059465150017123714e-02
-3.564967336312353102e-02 6.489485476376492812e-02
-4.010080771377683845e-02 6.493270206900218777e-02
-6.196754254775871384e-02 7.823597598282434895e-02
-6.703382535091530203e-02 7.730880267989004295e-02
-7.137057951311363835e-02 7.741275659846495738e-02
7.561438586153244878e-02 8.305782630197734717e-02
6.992290868883685451e-02 8.250370595169599641e-02
6.377167414361442632e-02 8.166352954458662439e-02
5.819878309678916395e-02 8.111098232653228546e-02
5.610469870138382054e-02 8.256362911414567851e-02
6.460301270014223544e-03 8.324503171929191481e-02
-1.998805575104857166e-03 8.008806551532379747e-02
-6.895923301573251597e-03 7.970729545784671632e-02
-9.050230028905929119e-03 8.167694087274234016e-02
-1.183628726724162208e-02 8.321170059732423130e-02
-5.095537678674831594e-02 8.523496210670866713e-02
-5.752727551779833470e-02 8.244712926909700257e-02
-6.290671180148685315e-02 8.107945844598277163e-02
-6.851292427392671747e-02 7.918480291121114678e-02
-7.275700629301153077e-02 7.928719629650753109e-02
-7.580702264936105272e-02 8.149795465118221671e-02
8.003631910226643997e-02 8.734019031348587425e-02
7.248350392029991041e-02 8.574068456011706141e-02
6.687247074152144477e-02 8.516800973738855585e-02
5.982595903101914359e-02 8.373273669288812393e-02
5.438232487348514110e-02 8.317843370586627816e-02
5.092241478163626878e-02 8.379881906345527931e-02
5.174986970872565151e-02 8.711186039560094019e-02
1.092045952696002117e-02 8.750568008598190450e-02
2.340642077242113296e-03 8.423054361158920089e-02
-2.724998445516730455e-03 8.370331085700556673e-02
-7.212073380614368416e-03 8.363949830988956502e-02
-1.260043614418007892e-02 8.275303023876405539e-02
-1.347601697098557358e-02 8.600853443150707767e-02
-1.619557652075427276e-02 8.771241747071621686e-02
-5.261118205338406045e-02 8.730869547093728089e-02
-5.852556055466390239e-02 8.523208184220651407e-02
-6.367558874015372128e-02 8.407083981799563788e-02
-6.844622297011312972e-02 8.337050801991763294e-02
-7.268902681794546516e-02 8.347353419971072219e-02
-7.651009048347733044e-02 8.434968473220659513e-02
-8.006304965704298671e-02 8.586630589065499808e-02
8.005953834916018641e-02 9.176932898245901415e-02
7.236899021828946399e-02 9.002745730378951261e-02
6.599027794093742516e-02 8.897630909008431843e-02
5.939845228189640641e-02 8.774556383175911856e-02
5.441055355569273527e-02 8.744092758259133791e-02
5.037768518933873757e-02 8.771921134623354710e-02
5.178200231088883609e-02 9.151285003960847597e-02
1.096567804135819592e-02 9.189176953255745461e-02
2.732616041688768534e-03 8.878720458351353761e-02
-1.903767067679448420e-03 8.862111600201393047e-02
-7.403876027314677637e-03 8.765836702494915478e-02
-1.255163447946380448e-02 8.695281290616838077e-02
-1.509306296146930952e-02 8.871082237977141738e-02
-1.679469658393942244e-02 9.143246951579864223e-02
-5.272266293666202919e-02 9.139429011189421914e-02
-5.842181515142325782e-02 8.954602984321076431e-02
-6.349811426754556343e-02 8.845785442151844757e-02
-6.789952343854445405e-02 8.835339592982140167e-02
-7.216932361049981093e-02 8.845774915096317470e-02
-7.624634791646021925e-02 8.892909707762407245e-02
-7.999179938524386690e-02 9.012893600054634746e-02
8.106397152782576776e-02 9.676800333586364766e-02
7.153841161723652198e-02 9.387907064015453551e-02
6.609560962419762375e-02 9.334537178630221421e-02
6.167967822081791424e-02 9.342307965716681317e-02
5.667108128850208842e-02 9.312274979330691094e-02
5.237802348438449357e-02 9.327062195037917613e-02
5.277036525346703866e-02 9.654945205032675060e-02
1.066236972503036180e-02 9.597882073393562696e-02
3.919277165581902880e-03 9.405809761607507313e-02
-1.473191219927908998e-03 9.323013273159658221e-02
-6.109230691641168165e-03 9.304832961847268880e-02
-1.040743278102151947e-02 9.317449027630662906e-02
-1.401966276381871705e-02 9.398952528044490773e-02
-5.265946302292531106e-02 9.571527072226836130e-02
-5.835820415942297862e-02 9.379946756094918736e-02
-6.315439026927137378e-02 9.312445395072382892e-02
-6.744371262852789928e-02 9.323137851990895286e-02
-7.173508637848613478e-02 9.333693900723044612e-02
-7.585530270048797263e-02 9.377958362715128893e-02
-7.959359022879541889e-02 9.507456489285329160e-02
8.171532566484093763e-02 1.015900496912939960e-01
7.437807744718318015e-02 9.995497138592772390e-02
6.724521195121045680e-02 9.837272075519809533e-02
6.204491643520708422e-02 9.795989992603938712e-02
5.743787783868300328e-02 9.791489726480499811e-02
5.342314801826254095e-02 9.826291683081868344e-02
1.131040374471108285e-02 1.008790363227950043e-01
5.079319334230319311e-03 9.936957435416252093e-02
-7.272511968987244776e-04 9.815465577200588321e-02
-5.479368947425978034e-03 9.787195437072825077e-02
-9.646740621616536893e-03 9.814782573566063761e-02
-1.363858279945455096e-02 9.861838854074149452e-02
-5.735570763843564346e-02 9.954232664137670217e-02
-6.225295681223608907e-02 9.875437862909038078e-02
-6.658729964606707741e-02 9.886314033867708850e-02
-7.138276271350292579e-02 9.810227665278975495e-02
-7.517739777642876153e-02 9.924746847517729176e-02
7.669031090162993503e-02 1.058071513812303133e-01
6.851114148254376646e-02 1.035198016472343163e-01
6.313339567538224506e-02 1.029895392585416930e-01
5.880471593069634684e-02 1.031447430659639813e-01
1.317157356664154164e-02 1.069116645245801467e-01
5.120708321454963199e-03 1.036976310477614183e-01
-1.998631738607678445e-04 1.029079434998955017e-01
-5.002465365903390263e-03 1.025767884440170336e-01
-9.330140048751829618e-03 1.027066381339172690e-01
-1.260477072236825674e-02 1.039632218446450290e-01
-6.165341546797459965e-02 1.039476348909177811e-01
-6.612024974408818589e-02 1.038664910102103656e-01
-7.048993593098636101e-02 1.039532938588725586e-01
5.956142574993428078e-03 1.087888075770758051e-01
1.121038718363094469e-03 1.084777302785484288e-01
-3.567596672801620107e-03 1.082908808195474915e-01
-7.194803193082023943e-03 1.092138482357252610e-01
4.317665402762796249e-03 1.160463678758686806e-01
