7.464206699402101131e-02 9.942905901260273849e-02 1.127353673767450548e-02
7.787168506653077693e-02 9.689921437091725265e-02 -4.103746358638971081e-03
7.790340963871247859e-02 9.311117528266804610e-02 -4.441466275936334362e-03
7.526451829941041560e-02 8.809282182044880782e-02 7.770452554935247669e-03
7.127985838920838924e-02 8.230530021972554122e-02 2.629402643036249376e-02
7.085001949341065974e-02 1.033384866852273265e-01 1.077661281418207384e-02
7.682972137005097957e-02 1.017686493534554759e-01 -1.690718168426152967e-02
7.663448635608918758e-02 9.794670639819996749e-02 -1.618495220351812147e-02
7.639222327739961238e-02 9.409645496196644698e-02 -1.525529855895635389e-02
7.424684349567658992e-02 8.937722740955250655e-02 -5.585219804531305066e-03
7.185537103683717342e-02 8.444780407733815109e-02 5.202326830142767200e-03
6.748475615055329890e-02 7.843381462879078780e-02 2.506956821274164415e-02
6.617650870353944392e-02 3.409993944950001632e-02 2.804598575424555040e-02
7.283731285602815242e-02 3.518323896713154708e-02 -2.765026036983697644e-03
7.373807314903504939e-02 3.206421731300251876e-02 -7.209982816463678112e-03
7.376966361076600642e-02 2.828783093280690109e-02 -7.685210649257867566e-03
7.087329510719544978e-02 2.210016845054524337e-02 5.214486177676946888e-03
6.711653355629212947e-02 -3.619193734340769852e-02 1.660457616638544298e-02
6.721938137085206599e-02 -4.001214803867442216e-02 1.566610103439691759e-02
6.699154261619813533e-02 -4.421573580913645829e-02 1.621964937042597033e-02
7.239595536262757869e-02 1.052696548242081920e-01 -1.391759151626226210e-02
7.345141951114900203e-02 1.019093163151253978e-01 -1.883414024520513319e-02
7.323076311619050593e-02 9.808619616813557540e-02 -1.801558965850469374e-02
7.277451936275727840e-02 9.415507613010304366e-02 -1.614626878905889296e-02
7.135560099155671687e-02 8.977973757572071944e-02 -9.957280103450982800e-03
6.915759030849702449e-02 8.498312829322712814e-02 -2.774857919275453000e-04
6.698231879741914363e-02 8.010354934520619308e-02 9.286317880862982044e-03
6.225891891987092586e-02 3.810343442745106612e-02 2.781543498825433947e-02
6.906208876640565486e-02 3.903813956565754806e-02 -2.969350759273736706e-03
7.195955995590455623e-02 3.736657200641529952e-02 -1.625463003326055311e-02
7.185143713028199763e-02 3.352466522045033370e-02 -1.608821386504766249e-02
7.046157602340943904e-02 2.867231069393055831e-02 -1.019736761260625624e-02
6.946644667656190486e-02 2.407919166870015060e-02 -6.084527913814752331e-03
6.638151887924439998e-02 1.771356461830037032e-02 7.355783041232855091e-03
6.786160651714570613e-02 -2.717314364128214921e-02 -4.069592897182672253e-03
6.867060545952088924e-02 -3.011755348854167069e-02 -8.112099115139215222e-03
6.876124922306306453e-02 -3.383701743297679032e-02 -8.970465604549615612e-03
6.635192517311341853e-02 -4.042541684322459306e-02 1.250538881534368763e-03
6.327158693344361873e-02 -4.790197016410929765e-02 1.442531114410761095e-02
5.917050425083406062e-02 -9.693412186317545975e-02 2.665856843780878283e-02
6.492360416919953914e-02 -9.274054767303568925e-02 7.781124670446226688e-04
6.506146971256501765e-02 -9.643529059105021561e-02 -3.992580812036683469e-04
6.411034349472291560e-02 -1.017245173614512166e-01 3.199372347110540638e-03
6.098893765480287166e-02 -1.102906584899912557e-01 1.630786424469354845e-02
6.787251416713960261e-02 1.050073832113255778e-01 -1.084574693847295546e-02
6.950325254471070857e-02 1.018343113202561656e-01 -1.819350952315923475e-02
6.881697956592805476e-02 9.782633481807606612e-02 -1.534536117721196913e-02
6.736796084911592097e-02 9.347626863307850753e-02 -9.149637166744439831e-03
6.644976619751222224e-02 8.929510711021321212e-02 -5.301442090755670300e-03
6.455873433620698543e-02 8.463479874915974532e-02 2.815995271915228138e-03
6.323078755409486384e-02 8.016246853656666671e-02 8.443985040897161731e-03
6.094141785175569148e-02 3.991711436099903976e-02 1.586386924576166368e-02
6.800100688011415095e-02 4.098491667098896896e-02 -1.538690561462041639e-02
6.831355873615510554e-02 3.744747041053669845e-02 -1.706459755111333632e-02
6.808470670253999324e-02 3.351886866874592696e-02 -1.637825006652471327e-02
6.678493801624543758e-02 2.875802217311757003e-02 -1.101329559493657850e-02
6.480400744945771785e-02 2.340519724674122726e-02 -2.680685464626519909e-03
6.277160827190644832e-02 1.792788801975148116e-02 5.861554201358587513e-03
5.757476870090730281e-02 9.734231217574051964e-03 2.822110420059564806e-02
6.403406445057160945e-02 -2.332327963523966874e-02 -4.009332601314752331e-03
6.668483201534516902e-02 -2.434748114757639970e-02 -1.597466701675054335e-02
6.550074104339845271e-02 -2.941445709877116288e-02 -1.127263540435430311e-02
6.506561223537690730e-02 -3.370356263332469071e-02 -9.835925046688287487e-03
6.319156769783265681e-02 -3.962956072502238358e-02 -2.164211217647760144e-03
6.252484504253633113e-02 -4.424978496246440018e-02 2.542472441137144656e-04
5.691476646930940242e-02 -5.466715695076090897e-02 2.408954864334467150e-02
5.545457188160188289e-02 -9.250770212822062577e-02 2.558115487884882189e-02
6.276968602211244197e-02 -8.645075263195139970e-02 -6.493713800197808972e-03
6.392388526470429988e-02 -8.869684936218363847e-02 -1.201858753371831678e-02
6.352502588302857967e-02 -9.309704305343730057e-02 -1.086404556441900038e-02
6.267008666069276424e-02 -9.816981555633647050e-02 -7.758583966976373425e-03
6.045751754314668269e-02 -1.052603542964945516e-01 1.165006216281683216e-03
5.704550925762422176e-02 -1.142194986503611287e-01 1.521501308273676134e-02
6.182684484989411922e-02 1.042376972574700633e-01 -1.363422815090387097e-03
6.301680687935121150e-02 1.008454590875615398e-01 -6.660904828792779675e-03
6.197070066005952449e-02 9.664833842105763351e-02 -2.326872293239801159e-03
6.263752762348420711e-02 9.309836028404133712e-02 -5.384948198085992566e-03
6.177618090183503718e-02 8.892940281219380294e-02 -1.866426412349908581e-03
6.065591160328157039e-02 8.461045025176899825e-02 2.756807859653265247e-03
5.948335413009889217e-02 8.022147713489430343e-02 7.594142015689642200e-03
5.715092007190950008e-02 3.999868331737416183e-02 1.500282054733637072e-02
6.195688728363282771e-02 3.940859733409779464e-02 -5.928125325924127331e-03
6.436233703167207332e-02 3.730845747775929366e-02 -1.655569309402105116e-02
6.401272598774201961e-02 3.329043386764424239e-02 -1.537170643020269178e-02
6.200467530758149715e-02 2.801001368350880538e-02 -7.089760247951715222e-03
5.904739085705049129e-02 2.191330788917439376e-02 5.242977197879583606e-03
5.886585001022584529e-02 1.789918838329213058e-02 5.671773012393743763e-03
5.614905540020234676e-02 1.181310711688893234e-02 1.694217687439325548e-02
5.378801111252076717e-02 -2.588742674999339188e-02 2.338049178909662462e-02
6.280000988514192195e-02 -2.066778840236765946e-02 -1.544507974792119764e-02
6.301615122825868220e-02 -2.423011960201365556e-02 -1.679888004470464491e-02
6.180830780536897273e-02 -2.929416002445323075e-02 -1.210155719924566053e-02
6.147400025398500056e-02 -3.346246184520823563e-02 -1.113113397765752577e-02
5.976756397754914851e-02 -3.915632964782816972e-02 -4.339661542659967175e-03
5.877283696205384822e-02 -4.412080051117045487e-02 -5.859994332849671750e-04
5.601285878689057918e-02 -5.114367307834727372e-02 1.064673429321649767e-02
5.088925842315919490e-02 -8.921865822486979569e-02 2.812233930420282579e-02
5.888762060673005672e-02 -8.262312115841013993e-02 -6.190445367580621472e-03
6.053376678497560115e-02 -8.426400722675425614e-02 -1.368054384399053358e-02
6.079504374534852595e-02 -8.773265482597453202e-02 -1.533242696929570936e-02
5.956143621475465388e-02 -9.326700569801432694e-02 -1.069512600112554335e-02
5.892530564338929744e-02 -9.800909163169962968e-02 -8.585419599300592175e-03
5.657031122715242000e-02 -1.052352905433664998e-01 7.405615408361265750e-04
5.342294756443269343e-02 -1.137071073215494832e-01 1.337483888458612658e-02
5.671245340378053279e-02 1.038108311433305064e-01 3.770384844058782825e-03
5.716713253528840633e-02 1.001227974731435100e-01 1.683089788669378528e-03
5.720177773506410213e-02 9.629634319133656417e-02 1.361165102237493763e-03
5.704585198433168025e-02 9.239656029529469405e-02 1.834843214267523059e-03
5.689783875019319148e-02 8.849418459720509444e-02 2.266261633151800403e-03
5.688930038482911677e-02 8.464694319553273116e-02 2.100322302097112903e-03
5.535816136867768855e-02 8.010678289718525802e-02 8.347246702426702747e-03
5.213955525429017634e-02 3.927551506347554122e-02 1.928440099548700548e-02
5.649379376442201228e-02 3.828984795398610030e-02 6.757712919652769656e-04
5.833775285751588435e-02 3.572985826320546066e-02 -7.382240239864557019e-03
5.766477171451814265e-02 3.143884538001912032e-02 -4.873719159847467175e-03
5.731328312427766414e-02 2.735828159637349044e-02 -3.724958841091363659e-03
5.544049028427369685e-02 2.211118040866749679e-02 3.797087724918157825e-03
5.527471486599214168e-02 1.811699865646260177e-02 4.145715292209417591e-03
5.234697941810853572e-02 1.191225944347279464e-02 1.606336599182489611e-02
4.883793477089173884e-02 -2.285372914486033524e-02 2.754232650589349962e-02
4.994154457123048396e-02 -2.576639951877696122e-02 2.249667411636713243e-02
5.584165934593446345e-02 -2.383999230079753007e-02 -2.558317128902642956e-03
5.783473435909516902e-02 -2.565936447792155350e-02 -1.130655044723150038e-02
5.672751847774751277e-02 -3.062161506824595536e-02 -7.135715429073541394e-03
5.669852081806428523e-02 -3.448520304374796952e-02 -7.467117254024713269e-03
5.608773712188966365e-02 -3.897781373672587479e-02 -5.384828988796441784e-03
5.582769695789582820e-02 -4.310872854404551591e-02 -4.771497194057672253e-03
5.309249941379792781e-02 -5.002239050083262528e-02 6.121668871158392200e-03
4.698986295730836482e-02 -8.905999066047770585e-02 2.723828321289423204e-02
5.469078306228883357e-02 -8.306270541362864579e-02 -5.150523130184381237e-03
5.528882626564271541e-02 -8.614021243267161454e-02 -8.168723527675836316e-03
5.510166768104798884e-02 -9.024654032402140702e-02 -7.949497644191949597e-03
5.480257157356507869e-02 -9.451232554130656327e-02 -7.276203576809137097e-03
5.463238541157014461e-02 -9.861145617179972733e-02 -7.142450753933160534e-03
5.283134166271455379e-02 -1.050028622310648641e-01 -3.000163476526429562e-04
5.264455560714967342e-02 -1.091711342494974812e-01 -1.175069253503968625e-04
5.152914408714540095e-02 9.950292406864064132e-02 8.789513166660101184e-03
5.156502608330018611e-02 9.564049838371174728e-02 8.464846666568548450e-03
5.160311345131166072e-02 9.178078471012013351e-02 8.122298773044378528e-03
5.220672968895204158e-02 8.815291820354359542e-02 5.433116014713079700e-03
5.157231275112397761e-02 8.402160106487172042e-02 7.853601034396917591e-03
5.077176276714570613e-02 3.704406617469685470e-02 8.054647501224310169e-03
5.356045547992951961e-02 3.506678639240162765e-02 -3.737058583980767956e-03
5.363363508255250545e-02 3.129042981452839767e-02 -4.355575982814996472e-03
5.327101532490022273e-02 2.720226643867390548e-02 -3.189828340297906628e-03
5.156399790317781062e-02 2.210156915969746505e-02 3.493342455142767200e-03
4.994099322826631160e-02 1.699792145080464278e-02 9.817097242587835559e-03
4.551874581844575496e-02 -2.620286943130595292e-02 2.398053174805048204e-02
4.765300933391816707e-02 -2.809199394397837724e-02 1.481339698624017931e-02
5.222535614044435115e-02 -2.745940984897715653e-02 -4.311051313167779675e-03
5.279587689907319636e-02 -3.072490991764170731e-02 -7.084872667080133191e-03
5.290844027073152156e-02 -3.444322647266490067e-02 -7.994856778866021862e-03
5.236915234596498103e-02 -3.884680272750956620e-02 -6.253507081752984753e-03
5.021991316349275203e-02 -4.500743450336558427e-02 2.039108331912786731e-03
4.747917238743074031e-02 -5.190196336917979325e-02 1.272324090790155626e-02
4.693949703247315974e-02 -8.801825048141581620e-02 1.021799808334711290e-02
4.998372975857026668e-02 -8.801985980682475175e-02 -2.658214513546197644e-03
5.013169828922517390e-02 -9.170956613235575761e-02 -3.812041227108209362e-03
4.874426607162721248e-02 -9.744225145988566483e-02 1.233193929904730091e-03
4.874879602463014217e-02 -1.013438522975931844e-01 6.429887373388121219e-04
4.890510920555360408e-02 -1.050362408321390828e-01 -5.661510865747620969e-04
4.710396114856965633e-02 -1.114502370517740926e-01 6.112370546573431263e-03
4.192495826751954646e-02 9.357048867530720626e-02 3.149173026871088243e-02
4.329875592262513728e-02 9.010444877929585372e-02 2.573416000198724962e-02
4.334097091228730769e-02 8.616143761463063155e-02 2.536622052978876329e-02
4.709738973648316951e-02 3.330008982009785568e-02 6.540212686771185169e-03
4.755367819339997859e-02 2.973532973117726241e-02 4.379842336887151966e-03
4.763173047573335261e-02 2.592049835510151778e-02 3.737483080142767200e-03
4.713330153496034236e-02 2.168923912830250655e-02 5.409989412540228138e-03
4.134376827747590633e-02 -3.037304879837138261e-02 2.394429212402704454e-02
4.556382183105714412e-02 -3.022059501819712724e-02 6.596658285373480091e-03
4.766083244354493709e-02 -3.202646674327952470e-02 -2.244081441646783581e-03
4.777665916950471492e-02 -3.576935531311137284e-02 -3.159370366817682019e-03
4.789482537777192683e-02 -3.950488270931346024e-02 -4.090812150722711316e-03
4.354912523300416560e-02 -4.795641900711161698e-02 1.280311113190057970e-02
4.409243647129304500e-02 -9.057093860321147050e-02 4.936609323734075794e-03
4.461469236881501765e-02 -9.382100106887919511e-02 2.307448442691595325e-03
4.476953033478028865e-02 -9.753130079918009843e-02 1.130018289798528919e-03
4.450940076381929011e-02 -1.017863273780832967e-01 1.589629705661566028e-03
4.313344244034059138e-02 -1.075545370738993367e-01 6.454918440097601184e-03
3.610226992637879939e-02 -3.556891979389292802e-02 2.804950242828729845e-02
4.191720966369874568e-02 -3.387479187660319413e-02 4.772756155246526966e-03
4.203668717415101619e-02 -3.765251936130625809e-02 3.849718626254827747e-03
3.879487995178468318e-02 -4.484890104942423905e-02 1.609388356994989611e-02
4.041238609821565242e-02 -9.418855311088664140e-02 3.056201990360052356e-03
4.019755605728395076e-02 -9.838334919624430741e-02 3.327701147311956653e-03
3.643307570488221736e-02 -1.072111249130259236e-01 1.736966138672235704e-02
2.925383035213716121e-02 -1.315473437469492635e-01 2.607694631409052111e-02
2.304883781940705867e-02 -1.344488680522928914e-01 3.369441991638544298e-02
1.911652568847901912e-02 -1.342399537723551473e-01 3.270379072021845079e-02
1.315226141483552547e-02 9.065275190658467208e-02 1.714381938766840197e-02
1.674186173946626277e-02 8.795270620174305831e-02 4.415545519107610950e-03
1.064949218303926082e-02 8.187219796962635909e-02 2.550217872452142931e-02
9.362195768663955642e-03 7.740576861686604415e-02 2.979049449753168322e-02
9.352465310404373122e-03 9.463984070606129562e-02 1.641187434982660509e-02
1.414698843033082576e-02 9.224990306682484542e-02 -2.340936105310609250e-04
1.603818420440919490e-02 8.903447089977162276e-02 -6.910946313625543347e-03
1.554877046615846248e-02 8.503537176437275802e-02 -5.420234147793023816e-03
1.545627895862825008e-02 8.116817770786183273e-02 -5.301024858242242566e-03
1.076457385093934627e-02 7.551034091300862228e-02 1.059183841537836290e-02
3.485013881037307693e-03 2.030153868980305587e-02 3.196350103210809923e-02
3.585805335352493239e-03 1.633771060295002853e-02 3.128287559341791368e-02
4.269500413248611403e-03 -1.074491858642588338e-01 1.473567252945306993e-02
6.110002436945510818e-03 -1.093365371387491902e-01 7.990453298801214466e-03
6.306310334513259841e-03 -1.130774140518198689e-01 6.759140547031194934e-03
5.608444252321792556e-03 9.470436273403065597e-02 1.531854635071161486e-02
1.047863546879060359e-02 9.231581090278523360e-02 -1.305010263210504284e-03
1.341547552616365047e-02 8.944131730384724532e-02 -1.140203708816167616e-02
1.519562784702546687e-02 8.625817595310109054e-02 -1.759859556365606092e-02
1.304293159515626521e-02 8.169344363994496261e-02 -1.052829260039922499e-02
1.282585147888429256e-02 7.779917417354481612e-02 -1.000025505233403944e-02
8.290221133539749099e-03 7.217651902027027999e-02 5.085024889224798450e-03
-4.467618080877533426e-04 2.438505290336506759e-02 3.151479726623895861e-02
2.922077813456130935e-03 2.236005960292714034e-02 1.987102990936640001e-02
1.010545078785188289e-02 2.277219591922657882e-02 -4.580583516842096081e-03
1.020652536422975154e-02 1.898218987769978439e-02 -5.248393956905572644e-03
9.891842642138076735e-03 1.492865680045979415e-02 -4.528846685177057019e-03
4.787882008860183669e-03 7.709863765906266320e-03 1.224366193603876329e-02
9.041327622628936300e-04 -4.284231068306071366e-02 2.036670213531854845e-02
5.607088246653152419e-03 -4.274783732109171952e-02 4.238996561282903919e-03
7.700433173487258864e-03 -4.481288494281870927e-02 -3.188219014888971081e-03
6.259774008104873610e-03 -4.999868275337321366e-02 1.147005613559515247e-03
6.383781471560073806e-03 -5.379348696880442704e-02 2.651548941076109500e-04
2.640831855035552511e-04 -1.034542441528330525e-01 1.486942535232904650e-02
5.590413847277236892e-03 -1.015262425106058797e-01 -3.273513261562555066e-03
5.767886677095962478e-03 -1.052402377288828572e-01 -4.415836278682916394e-03
5.056982078859878493e-03 -1.099656939666758260e-01 -2.635683957821099987e-03
2.731313147852493239e-03 -1.165899157684336385e-01 4.453632887119085559e-03
1.478602328608108474e-03 9.465310273952382003e-02 1.551840072464349962e-02
9.299029746363235427e-03 9.315705595798390304e-02 -1.063003772903081678e-02
1.155478242904908748e-02 9.008570311851399337e-02 -1.829865211654302382e-02
1.214556876690156551e-02 8.651385007686512862e-02 -2.044465774703618788e-02
1.185836378605134578e-02 8.264501689262288009e-02 -1.968440050292608046e-02
9.482924976656509353e-03 7.798163889236348068e-02 -1.200404400039312147e-02
4.821230807612014724e-03 7.234569190330403243e-02 3.247413690799505481e-03
2.809439935991836501e-03 6.764273641891377364e-02 9.694907720798284778e-03
-1.414949855496810960e-03 2.612497208900349532e-02 2.094403272461298204e-02
6.343533435175491286e-03 2.668147085494892989e-02 -5.009200517421930066e-03
7.474308052370620681e-03 2.350764272994892989e-02 -9.062673990017144909e-03
7.576783337900711013e-03 1.973660586662190353e-02 -9.726431314235894909e-03
7.280443945238662673e-03 1.571707723922627364e-02 -9.081866685634820691e-03
6.151576676676345778e-03 1.114867924041645919e-02 -5.700018350368707409e-03
1.158704200098586989e-03 3.977674229811600792e-03 1.040956741165521837e-02
-3.044332227399276780e-03 -3.880501987152201737e-02 2.019670968841913439e-02
4.105453529665542556e-03 -3.679541947059733475e-02 -3.694083635097711316e-03
5.525042453119827224e-03 -3.946244420223338212e-02 -8.788969461208551159e-03
5.674724617312026931e-03 -4.319114686660868729e-02 -9.726729337459771862e-03
5.135436692545486403e-03 -4.752647580318553056e-02 -8.415784780269830456e-03
3.135432639429641677e-03 -5.319907964878184403e-02 -2.335574571377008191e-03
2.830346265146804763e-03 -5.737594963722331132e-02 -1.811113301998346081e-03
-2.228955588033126878e-03 -9.784884454422099198e-02 1.006815200638178087e-02
1.673584022829605056e-03 -9.761400224380595292e-02 -3.160026017910211316e-03
2.686728873560501052e-03 -1.004193842571268758e-01 -6.997671071773736706e-03
2.554719486544204665e-03 -1.044648409049998006e-01 -7.122185174709527722e-03
2.248709240267349196e-03 -1.087101221244822224e-01 -6.689455453640191784e-03
1.221393385241104079e-03 -1.137895107429514607e-01 -3.927674237972467175e-03
-4.080946407010482835e-03 -1.238568544548044881e-01 1.266143089126947618e-02
-4.391009769132064866e-03 9.409691689796345626e-02 2.137217288803461290e-02
5.684842505762649489e-03 9.322420059032338058e-02 -1.172098154235479139e-02
6.194492020914627028e-03 8.957977889366047775e-02 -1.356318229842778944e-02
8.030061760256362868e-03 8.640098868198292648e-02 -1.974233621764776014e-02
7.360731401751113845e-03 8.239236770458119308e-02 -1.774933571029302382e-02
4.878510871241165114e-03 7.769169209785359298e-02 -9.848918859249322644e-03
2.746452727625442458e-03 7.304828165359394943e-02 -3.103222791439264050e-03
-2.533000323080292215e-04 6.798936723060505782e-02 6.460700090640814075e-03
-7.115256401800384989e-04 2.874566911048787032e-02 5.258891638034612903e-03
5.669792332956863357e-03 2.851194439716236984e-02 -1.579358810592290663e-02
5.770434775660110427e-03 2.476837037391560470e-02 -1.643433803725835585e-02
5.120058694193435622e-03 2.057278452701466476e-02 -1.464393371749517225e-02
3.640194573710037185e-03 1.584086118526356612e-02 -1.017048591781255507e-02
2.025728264162612868e-03 1.097679434604542648e-02 -5.272116605526178112e-03
-2.093176207234787034e-03 4.424768670271805870e-03 7.735881860965521106e-03
-5.515765759252777567e-04 -3.354076744728190507e-02 -1.213695947414605847e-03
2.272908726046157790e-03 -3.510047198944193925e-02 -1.075926059890386366e-02
4.693840780565811110e-03 -3.691106738262278641e-02 -1.900091404128667616e-02
2.573822775194717360e-03 -4.254273773841960038e-02 -1.261129612136480116e-02
1.620520987818313552e-03 -4.722092749290568436e-02 -9.992864076381891003e-03
1.038481631586624099e-03 -5.159838201217753495e-02 -8.579757158046930066e-03
-6.917667004369965067e-04 -5.703338684253794755e-02 -3.483023587948053112e-03
-1.033886786430113225e-02 -9.813113214187724198e-02 2.337471013855341173e-02
-3.650958499600814866e-03 -9.517351986579997147e-02 1.436803396457464466e-03
4.177439597345122824e-04 -9.478853346519572343e-02 -1.210882896590825819e-02
6.134558108545073996e-04 -9.845138789825541581e-02 -1.327481502700444960e-02
-2.512138697408905497e-04 -1.032676816146860799e-01 -1.106223100829717421e-02
-9.452354523443451395e-04 -1.079213440578470906e-01 -9.403910581356256237e-03
-2.187098226239608811e-03 -1.132129550140391072e-01 -6.008770410305230847e-03
-6.153757533719467210e-03 -1.216521382492075642e-01 6.051335390323431263e-03
-9.286504599355926981e-04 9.238267241306202804e-02 -3.159906808620660534e-03
2.132644095728469802e-03 8.950303791351216232e-02 -1.317640775848027967e-02
2.301682868311477614e-03 8.575430808849232589e-02 -1.390412086654302382e-02
5.394566443658599386e-04 8.133715687580006515e-02 -8.436467592006891003e-03
-9.681534382604828348e-04 7.695846556014912521e-02 -3.797557298427789441e-03
-2.884383163144516038e-03 7.237805722541706954e-02 2.142462785953314075e-03
-3.946627340009140061e-03 6.807631550617115890e-02 5.329940374606878528e-03
-2.999747953107284593e-03 2.963806985206501876e-02 -3.766679208337953000e-04
-1.550952753713058518e-03 2.657915948219197189e-02 -5.320217553859918347e-03
1.548146047899795485e-03 2.452552614993946944e-02 -1.554295057464238905e-02
-1.007419440054169169e-04 1.973279116935627853e-02 -1.059528822112676405e-02
-1.742700895955490159e-03 1.489357946700947677e-02 -5.681898538356988659e-03
-3.072257003476547288e-03 1.020005641765492355e-02 -1.777973119503228894e-03
-5.599017104794906663e-03 4.695060833167008507e-03 5.934629495853216419e-03
-9.226317367246078538e-03 -3.338734509163004960e-02 1.393434768509271837e-02
-4.242445192029403733e-03 -3.337727190666300858e-02 -2.325620595699517956e-03
-1.375580987622665452e-03 -3.493584396057231034e-02 -1.185747617889043592e-02
-9.163733451597599888e-05 -3.771845699958903397e-02 -1.636561388183233046e-02
-1.320953330686019944e-03 -4.258474411182505692e-02 -1.290914053130742811e-02
-2.254123649289535569e-03 -4.723384679966075028e-02 -1.040228838134404921e-02
-2.627248725583480882e-03 -5.142090918235880936e-02 -9.679045621639459362e-03
-5.971486529996322679e-03 -5.826779903583628739e-02 4.380679686010191531e-04
-1.511188860862486272e-02 -9.887186886482340897e-02 2.519831424545648790e-02
-7.383460960080551194e-03 -9.496174456291300858e-02 3.294683058202574344e-04
-4.671419820477890061e-03 -9.605996014289958085e-02 -8.739497606044976941e-03
-4.134948215176986741e-03 -9.938351513557536210e-02 -1.096692318130132460e-02
-4.116262159039901780e-03 -1.032476842563639363e-01 -1.157244676757451796e-02
-5.895609817197250413e-03 -1.090752601783762654e-01 -6.541755143886773816e-03
-6.075884065320419358e-03 -1.131858050983439168e-01 -6.539251748806207409e-03
-9.921665153195785569e-03 -1.214192330997477254e-01 4.941973741763860950e-03
-8.331979474713729905e-03 9.133236406631367599e-02 7.604453619235784778e-03
-5.871082505872177171e-03 8.819508848972218429e-02 -3.586673181116273312e-04
-3.452683648755477952e-03 8.511947391815083419e-02 -8.192207757717340222e-03
-3.247315845181869554e-03 8.135767577476399337e-02 -9.034779016262262097e-03
-3.970707616498397874e-03 7.726912496871846114e-02 -6.949927751308648816e-03
-5.846108159711288499e-03 7.272771297283070480e-02 -1.234795991665094128e-03
-7.169748506238388108e-03 6.834425328559773360e-02 2.726111467593939075e-03
-7.554645499875473069e-03 2.927448151893513595e-02 1.278731878513128528e-03
-6.113643607785629319e-03 2.618795929736988937e-02 -3.566470090633599987e-03
-5.092079600980209397e-03 2.290553150958912765e-02 -7.096495572811334362e-03
-5.550260505368637132e-03 1.878446636981861984e-02 -5.978670064693658581e-03
-6.208385190656112718e-03 1.452912686653035079e-02 -4.241611902004449597e-03
-8.153254947354721116e-03 9.458082898329667199e-03 1.528773363345892200e-03
-9.303833207776474046e-03 4.831510766219071495e-03 4.791829641574651966e-03
-1.422583576171629338e-02 -3.418062330894572343e-02 1.667377715896967150e-02
-1.101961251228086858e-02 -3.564528824501139725e-02 6.219241674655706653e-03
-5.714828929593490647e-03 -3.532944323234660233e-02 -1.078614229369756483e-02
-4.861350021054672288e-03 -3.848783375434977616e-02 -1.388534540343877577e-02
-5.114878377606796311e-03 -4.254099430255992020e-02 -1.353492969680425428e-02
-7.803196868588851975e-03 -4.866477550678355302e-02 -5.600240175014703503e-03
-8.052344283749984788e-03 -5.276600720100504960e-02 -5.283501092678277722e-03
-9.996409377744125413e-03 -5.836242140941722001e-02 3.044343550145933719e-04
-1.221400018661253362e-02 -9.587032796554667557e-02 2.635273988956243763e-03
-1.090469475715391545e-02 -9.847081901245219315e-02 -1.957800332790582409e-03
-8.151735028912948655e-03 -9.952182771377665604e-02 -1.101645464110967421e-02
-1.041459556548826604e-02 -1.058086276214609822e-01 -4.568126146084039441e-03
-1.020323749511473088e-02 -1.095020294349680623e-01 -5.776908342128961316e-03
-1.004877205817930608e-02 -1.132507145565043172e-01 -6.815161649471490612e-03
-1.909669753043882756e-02 -1.271747768085489949e-01 2.052107816528681017e-02
-1.196184273689024358e-02 8.751707075424092208e-02 6.079230364078314075e-03
-1.089930053680174260e-02 8.395710883922474776e-02 2.584490831607610950e-03
-1.035108681648008733e-02 8.025540707893269454e-02 6.835795004308531375e-04
-1.028531309097044377e-02 7.640004454440968429e-02 2.759433348119566531e-04
-1.091071482627622991e-02 7.229228614158528243e-02 2.009902055972845325e-03
-1.966544505088560491e-02 2.488662598914997970e-02 2.627411847900751329e-02
-1.154011007278196721e-02 2.533473370857136642e-02 7.849073965490172000e-04
-1.143151041000120549e-02 2.150455413646595870e-02 1.315212805211851688e-04
-1.260813590018980412e-02 1.693359313793080245e-02 3.448698576205999622e-03
-1.249294992416136174e-02 1.309527753181355392e-02 2.758119161838323841e-03
-1.312136169402830510e-02 8.807736619185380089e-03 4.359815176242620716e-03
-1.533194895713560491e-02 3.513815983008317101e-03 1.084331041168573595e-02
-1.657291766135923772e-02 -3.689667286090952958e-02 1.070985561203363634e-02
-1.440661664932005315e-02 -3.914758266620738114e-02 3.611300047153265247e-03
-1.179977770774595647e-02 -4.097860755138499345e-02 -4.840698186641900769e-03
-1.163810010879270940e-02 -4.473519028835398759e-02 -5.781199876552789441e-03
-1.189389344184629826e-02 -4.883493186645609940e-02 -5.447056237941949597e-03
-1.354601498573057561e-02 -5.412852467708689774e-02 -8.370541970789124875e-04
-2.080773826568357854e-02 -6.432191731147868241e-02 2.095863586258295275e-02
-2.235635634391539006e-02 -1.061041176479349812e-01 2.048877244781854845e-02
-1.552855487792723088e-02 -1.031154811542521199e-01 -8.566045205652406125e-04
-1.483273025481932073e-02 -1.063279330890665730e-01 -3.524031583553521862e-03
-1.728808399169676213e-02 -1.128585457962046346e-01 3.385875280612737903e-03
-2.315297242133848576e-02 -1.231267273586283406e-01 2.063790326904657579e-02
-2.245348211257688908e-02 8.152137993163960372e-02 2.559218173813226915e-02
-1.967003460853330998e-02 7.844798563308613693e-02 1.686486965011957384e-02
-1.960169788329832463e-02 7.451205251998799239e-02 1.644930606674555040e-02
-2.333768721549742131e-02 2.106049953288929855e-02 2.441051965546015001e-02
-1.692580696075193791e-02 2.061543165035145675e-02 4.536781366580755481e-03
-1.745646711318724065e-02 1.639898417777913009e-02 5.828533228153021106e-03
-1.733883734672300725e-02 1.254676578826802169e-02 5.136344488376409778e-03
-1.917653795211546330e-02 7.524627431105546105e-03 1.039055352997186876e-02
-2.142509337394468694e-02 -4.155048431568247880e-02 1.247778898071649767e-02
-1.794754978149168401e-02 -4.276840092353922929e-02 1.511130388492376575e-03
-1.587894078223936467e-02 -4.502078594379527177e-02 -5.190517846828668347e-03
-1.571124311416380315e-02 -4.877477587871653641e-02 -6.146933976894586316e-03
-2.478038783996336369e-02 -6.025586725883586015e-02 2.079007392715814806e-02
-2.762263532607786565e-02 -1.113881886165629109e-01 2.311030393432977892e-02
-2.739998217551939397e-02 -1.152192473571787557e-01 2.187815671753290392e-02
-3.106581684081785588e-02 -1.231032431285868367e-01 3.228107457947138048e-02
-5.032982941596739201e-02 1.016326315540780345e-01 2.231672769379022814e-02
-5.027308579414122014e-02 9.764196275062458907e-02 2.200845247101190783e-02
-5.349638577430479436e-02 1.058187700647820750e-01 1.961306100677850939e-02
-4.283534999816648869e-02 1.041509575981606761e-01 -9.608175699001519909e-03
-4.277982827155821233e-02 1.003121316272725383e-01 -9.904172364956109753e-03
-5.013796206443540959e-02 9.466086624450581466e-02 1.000598436188104845e-02
-5.564140792815916448e-02 3.704984782524006759e-02 2.190581327270868517e-02
-5.945655222861997991e-02 3.134048281497853194e-02 3.198245530914667345e-02
-5.760526176421873479e-02 -2.843217255287272538e-02 2.173909908127191759e-02
-5.743073936431639104e-02 -3.235457541160685624e-02 2.085993057083490587e-02
-5.792641159026853948e-02 -8.114568592720133866e-02 1.673385864090326525e-02
-5.469870086639158635e-02 -8.251015545539958085e-02 7.592115457767278919e-03
-5.446344133346311955e-02 -8.630579413585764970e-02 6.461594160312444934e-03
-5.394207950561277776e-02 -8.985040785484416093e-02 4.560325201267034778e-03
-5.736645575492613225e-02 -9.680409433059794511e-02 1.319930320572260118e-02
-5.992903824775450139e-02 1.093622587460984508e-01 2.574250465225580431e-02
-4.645564671485655217e-02 1.080597296196927348e-01 -1.064142221618291639e-02
-4.169949408500425725e-02 1.052342161375989238e-01 -2.357121938872930311e-02
-4.370674010246031194e-02 1.009891472596635142e-01 -1.831403011489507460e-02
-4.410829659431211858e-02 9.707953332252400314e-02 -1.738473409820195936e-02
-5.084675069778196721e-02 9.154641924686329757e-02 5.730128843725035281e-04
-5.836989994971983342e-02 4.160300193614857589e-02 1.815954213928583361e-02
-4.589619751899473576e-02 4.290233848876850997e-02 -1.552995676208135389e-02
-4.661884423225157170e-02 3.874931035823719894e-02 -1.386400694060918592e-02
-4.835491891830198674e-02 3.412059245891468917e-02 -9.493853990322320691e-03
-5.742898102729551701e-02 2.604107855148213302e-02 1.450279718231561876e-02
-5.543747063606016545e-02 -2.053788007907969559e-02 5.054149683231146106e-03
-4.712643738715879826e-02 -1.922383608036143388e-02 -1.745488876510259413e-02
-4.695763703315489201e-02 -2.296201588325602616e-02 -1.829155916381475233e-02
-5.127027150123350530e-02 -2.965457441024882401e-02 -7.220592443233697644e-03
-6.189050789802305608e-02 -7.704911829643351640e-02 1.647994285416010118e-02
-5.861362334220640569e-02 -7.845079602413279618e-02 7.330331857913763294e-03
-5.185028429954283147e-02 -7.691788376979930009e-02 -1.102211708236333632e-02
-5.086522813766233830e-02 -8.000471891574961747e-02 -1.410951847243901991e-02
-5.063941594093077092e-02 -8.370563091449839677e-02 -1.519760126281377577e-02
-5.534222241370909123e-02 -9.162033797912699784e-02 -3.300454561001031628e-03
-6.085860248534910588e-02 -1.003646969955454549e-01 1.071754461120966173e-02
-6.735646244018309026e-02 1.128095604319085399e-01 3.431764608215692736e-02
-5.088433142631285100e-02 1.118116967219819347e-01 -9.529378358608453503e-03
-4.636442180602781682e-02 1.088559508163441936e-01 -2.165165180373784803e-02
-4.519953843085997014e-02 1.053047247070779124e-01 -2.487566703963872694e-02
-4.763715978591673283e-02 9.715745149440663253e-02 -1.869913572478887342e-02
-4.903149124114744573e-02 9.299288986511128341e-02 -1.515915626693364882e-02
-5.511518832175962834e-02 8.755363820381062423e-02 8.042789061010191531e-04
-6.308382268874876408e-02 4.532927571124928390e-02 1.973650222610834337e-02
-5.034863468139402776e-02 4.649500845260517989e-02 -1.419159406829473280e-02
-4.673549052207701116e-02 4.416498838252919112e-02 -2.400031322646734022e-02
-4.649438973396055608e-02 4.047103522605793868e-02 -2.490248912978765272e-02
-4.910146709411375432e-02 3.551566897220509444e-02 -1.829072469878789686e-02
-5.181055780380003362e-02 3.044651745147602950e-02 -1.142200464416143202e-02
-6.098678227393858342e-02 2.226151822395222579e-02 1.249888902496698595e-02
-6.026321168868772893e-02 -1.709910930805308427e-02 7.160995062106878528e-03
-5.033963438003294377e-02 -1.498372556381327714e-02 -1.928546661544439100e-02
-5.006995316474668889e-02 -1.865480543785197343e-02 -2.037188047576543592e-02
-5.000149723022215276e-02 -2.244718076400858964e-02 -2.093639606643316053e-02
-5.340316410987608342e-02 -2.849918307476145829e-02 -1.240750784087774061e-02
-5.469744916885130315e-02 -3.323793114833933915e-02 -9.418215696102349987e-03
-6.310680027930967717e-02 -7.484514714889628495e-02 8.564744051212103138e-03
-5.655884262054197698e-02 -7.364876271896464432e-02 -8.987035695797174206e-03
-5.467807765929930119e-02 -7.604740263633830155e-02 -1.436695093322393202e-02
-5.398234244315855412e-02 -7.936830522232157792e-02 -1.666250461745855116e-02
-5.417453762023680119e-02 -8.340993227176768388e-02 -1.665183538604375624e-02
-5.882507081954710393e-02 -9.122432471923930253e-02 -5.055930558925836316e-03
-6.457775350539915471e-02 -1.001039862792978963e-01 9.381983335727483997e-03
-6.777929779021971135e-02 1.134461566645612041e-01 2.417227989029291368e-02
-5.441915508239500432e-02 1.118816390473355571e-01 -1.093485588241216444e-02
-5.174573775260679631e-02 1.085543624896516124e-01 -1.806029314208623671e-02
-5.155440684287779241e-02 1.047752044934739390e-01 -1.869424814391729139e-02
-5.149670954673521428e-02 1.009715266365517894e-01 -1.898625129867193007e-02
-5.191623683898680119e-02 9.705736039466755782e-02 -1.803734535384771132e-02
-5.430915471046202092e-02 9.264335332698719894e-02 -1.193424696136113905e-02
-5.798702951400511174e-02 8.783342240638630782e-02 -2.480652276760308972e-03
-5.496316667525999455e-02 5.004814563579457198e-02 -1.249035829711553358e-02
-5.364307280509703069e-02 4.672213195152180587e-02 -1.618572706390020155e-02
-5.024045225112669377e-02 4.429225920028584396e-02 -2.531554931808110975e-02
-5.341651555030577092e-02 3.914216457195179855e-02 -1.730242008376714491e-02
-5.360209461181394963e-02 3.522564767188923751e-02 -1.709332698989507460e-02
-5.599396940200560002e-02 3.030695317573445235e-02 -1.114645237136480116e-02
-6.077339764564268498e-02 2.421728072948353683e-02 1.003894861453802356e-03
-6.806128736465208440e-02 -1.534667314701182450e-02 1.689944034408930040e-02
-5.944272395103208928e-02 -1.425802411251170243e-02 -5.821909848934381237e-03
-5.425956364600889592e-02 -1.502866746597392167e-02 -1.962789529967901014e-02
-5.355125184982054143e-02 -1.843218208961588944e-02 -2.183916801620122694e-02
-5.343752618758909612e-02 -2.219237090759379472e-02 -2.251645559478399061e-02
-5.786245580642454533e-02 -2.886977495365244950e-02 -1.145776743102666639e-02
-6.214075799911253362e-02 -3.556334675960642899e-02 -7.968806665002992062e-04
-6.705829020469419866e-02 -4.279319645576579179e-02 1.149794822525385118e-02
-6.679918881385557561e-02 -7.460547687225443925e-02 7.211122568362982044e-03
-6.100362058608763127e-02 -7.406119705848795975e-02 -8.174564782863824597e-03
-5.828159566848509221e-02 -7.581633032970530595e-02 -1.564994091201421522e-02
-5.805336948364012151e-02 -7.951935829334361161e-02 -1.671787733245488905e-02
-5.814098831145994573e-02 -8.347576560192210282e-02 -1.698055500198003553e-02
-6.488403197257749944e-02 -9.298751951866252030e-02 -1.774095933496644406e-04
-6.796827431648008733e-02 -9.957097174339396561e-02 7.218036707156927356e-03
-7.148354764907591252e-02 1.135118074554909984e-01 2.275261646103265978e-02
-5.824848528831236272e-02 1.118967227477540294e-01 -1.156440014052984022e-02
-5.624132867782347112e-02 1.084331415433396617e-01 -1.687487596679326796e-02
-5.567278977363340764e-02 1.047226853508462230e-01 -1.847591633010503553e-02
-5.549534674613706975e-02 1.009409755308141032e-01 -1.907452577758428358e-02
-5.792033191650144963e-02 9.655966161079304610e-02 -1.296195024657842421e-02
-6.073358174293272405e-02 9.202239213771717941e-02 -5.857493821865289441e-03
-6.231915470092527776e-02 8.773055969066517745e-02 -1.932349149471490612e-03
-5.920016284911863713e-02 4.990849195308583175e-02 -1.207491392303106092e-02
-5.748348947494261174e-02 4.672771988696949874e-02 -1.674416298080083632e-02
-5.732142444579832463e-02 4.295511840171711837e-02 -1.741912597823735975e-02
-5.725940581290953069e-02 3.914477227516072189e-02 -1.784434551406499647e-02
-6.325646754234068303e-02 3.270703850574391280e-02 -2.702023927456109753e-03
-6.156765933959715276e-02 2.955051062888996993e-02 -7.327642385250299206e-03
-6.439068432777159123e-02 2.436536846942799484e-02 -3.685020844995667844e-04
-7.176175232856504826e-02 -1.516091527156931962e-02 1.550451284241083361e-02
-6.304168220489256291e-02 -1.407362224273783768e-02 -7.177438680416314831e-03
-6.056800003974668889e-02 -1.649942697696787919e-02 -1.387604707885381483e-02
-6.091075654952757268e-02 -2.058113815002543534e-02 -1.337858671355840467e-02
-6.073319431274168401e-02 -2.434718312435252274e-02 -1.421787971664068007e-02
-6.178473945586912541e-02 -2.888935507946116532e-02 -1.192578310180303358e-02
-6.827264543502561955e-02 -3.698005975895030106e-02 4.227969701999456653e-03
-7.137882228820555119e-02 -4.299996496849162186e-02 1.173344617676141954e-02
-7.278245206802122502e-02 -7.611493469886881913e-02 1.168802743744257189e-02
-6.485390182464353948e-02 -7.400276960544688309e-02 -8.913602773433892956e-03
-6.326993819205992131e-02 -7.667939068489176835e-02 -1.340797180343267225e-02
-6.303768869369261174e-02 -8.039563597850901688e-02 -1.447811359573003553e-02
-6.453433152168028264e-02 -8.550855220966441239e-02 -1.117476457763311171e-02
-7.154011245696775823e-02 -9.519786836319071854e-02 6.062183435672552356e-03
-7.297652479140989690e-02 -1.004041254680643758e-01 9.182367380374700794e-03
-6.533365961044065862e-02 1.113274909395684520e-01 -3.898706380611627331e-03
-6.173529740302793889e-02 1.081238083381165782e-01 -1.319786543059942030e-02
-6.167897101371519475e-02 1.042860738772858897e-01 -1.347413295913335585e-02
-6.500163193671934514e-02 9.971724747009175216e-02 -5.147721711879937878e-03
-6.493734832732908635e-02 9.584264753646748458e-02 -5.461718980556695691e-03
-6.511902328460447698e-02 9.191051421947377120e-02 -5.157198850399224987e-03
-7.228430624931089787e-02 8.619863091297047530e-02 1.292482381653192736e-02
-6.684070344894163518e-02 4.848368762321370040e-02 -3.047254029995172253e-03
-6.318887587516539006e-02 4.600408969707386886e-02 -1.257416242766973280e-02
-6.307580586402647405e-02 4.218733607120411788e-02 -1.311984295058843397e-02
-6.555318351714842229e-02 3.729586599655049239e-02 -7.099356595760553112e-03
-6.718971844642393498e-02 3.270337282009022628e-02 -3.223802987819879284e-03
-6.676750894515745549e-02 2.897830603904621993e-02 -4.579272214657037487e-03
-7.073154564826719670e-02 2.327537833042042648e-02 5.176756437534124622e-03
-7.910975333183042912e-02 -1.704129280262095536e-02 2.333537107300165392e-02
-7.004850622146360783e-02 -1.586216391735179032e-02 8.294349502924180939e-05
-6.645628329246275334e-02 -1.768508257083994950e-02 -9.356882516628473034e-03
-6.667884703605406194e-02 -2.171718777828318681e-02 -9.174790326839654675e-03
-6.779106970756285100e-02 -2.630166413002116288e-02 -6.757762376552789441e-03
-7.041379328696958928e-02 -3.186122776680094804e-02 -5.449914376794984250e-04
-7.525953169791929631e-02 -3.890807630233866776e-02 1.125184064697626329e-02
-7.624467726676695256e-02 -7.970678509883982743e-02 9.228560980075628528e-03
-7.117455717056028752e-02 -7.978495659046275224e-02 -3.947224561458795300e-03
-7.093607898681394963e-02 -8.354863228016001786e-02 -5.029287282711236706e-03
-7.243492718665830998e-02 -8.869810105972392167e-02 -1.774396840816705456e-03
-7.678761597602598576e-02 -9.620670677833659257e-02 8.598539884799749622e-03
-7.035582776992552190e-02 1.072299994368066112e-01 -1.772549096828668347e-03
-7.029774304359190373e-02 1.033333979386796275e-01 -2.052571717983453503e-03
-7.127847786872618108e-02 9.921606181449788009e-02 2.720094282567808719e-04
-7.129740234344236760e-02 9.529272018260853683e-02 1.688933927953550906e-04
-7.600613947837583928e-02 9.024940727538960372e-02 1.184854274582269884e-02
-7.454907413451902776e-02 4.311396478004353439e-02 5.637440737003118763e-03
-7.170783992736570744e-02 4.029174445457356368e-02 -1.744475309139459362e-03
-7.158514376609556584e-02 3.642252384014027511e-02 -2.320733014827935925e-03
-7.145860310523741155e-02 3.255822060890095626e-02 -2.913918439632623425e-03
-7.449322458236448674e-02 2.732062636203663741e-02 4.396948869937689075e-03
-8.265050765006773381e-02 -2.079900802784068192e-02 2.107289796661737658e-02
-7.373195405929319768e-02 -1.964987518005473222e-02 -1.521494333034723034e-03
-7.440837737052671819e-02 -2.399225236587626542e-02 -2.194904725610902219e-04
-7.562353726356260686e-02 -2.867814602069956864e-02 2.414140756839544544e-03
-7.969161387412779241e-02 -3.516165615730387772e-02 1.213202243637445665e-02
-8.567907925575010686e-02 -9.195710422210795487e-02 2.105090385269525743e-02
-8.542534228294126897e-02 -9.583739639930827225e-02 1.991901164841058947e-02
-8.366152163474790959e-02 1.014586530465592662e-01 2.083441978287103868e-02
-8.359699960677854924e-02 9.744969306774037276e-02 2.052870755981806017e-02
-7.970556136100523381e-02 3.869262634105580245e-02 7.747325952762396106e-03
-7.957952733962767033e-02 3.477429149932759200e-02 7.164630945438177356e-03
-8.171703930824034123e-02 2.991301117725270187e-02 1.216856008362177111e-02
